   0.00000000000000e+00
   8.06718050000000e-02
  -4.30574290000001e-02
   6.21543232000000e-01
   2.15585747500000e-01
   6.58529260000000e-02
  -1.87398725000000e-01
  -1.66779436000000e-01
   5.87307294500000e-01
   7.09178844000000e-01
  -6.86139861500000e-01
  -3.65102380000000e-01
   2.77649345000000e-01
   4.80436188500000e-01
   3.94290258000000e-01
  -1.80655534500000e-01
  -3.80244809999999e-02
  -3.74447617500000e-01
  -1.53914802000000e-01
  -2.82484420500000e-01
  -1.53882493500000e-01
   3.69926321000000e-01
  -6.43371343500000e-01
   1.53128238000000e-01
   1.62733005000000e-02
  -9.88796361000000e-01
  -3.76884131500000e-01
   3.89085450000000e-03
   3.48814071000000e-01
   2.97125770000000e-02
   6.68895180000000e-02
  -6.00567170000000e-01
  -5.59821596500000e-01
   3.65281260500000e-01
  -2.75976431000000e-01
  -6.89037851500000e-01
   1.34460617500000e-01
   1.21016588000000e-01
   1.55579886000000e-01
  -5.50728101000000e-01
  -4.85489813000000e-01
   6.02917256000000e-01
   2.23297200000000e-01
   1.08755504000000e-01
  -5.74578167500000e-01
  -1.93296268000000e-01
   2.24665326000000e-01
  -8.06211555000000e-02
  -4.60318875000000e-02
  -4.52324931500000e-01
  -3.79257850000001e-02
   9.50086004500000e-01
  -8.87751465000000e-02
  -2.80049325000000e-02
   3.81613942500000e-01
  -2.18475495000000e-02
   2.28766762000000e-01
  -9.40749030000000e-02
   2.84045986500000e-01
  -3.11543865000000e-02
  -2.43627996500000e-01
   4.81747204500000e-01
   5.71261268000000e-01
  -2.48980920000000e-01
   2.74770034500000e-01
   5.93796481500000e-01
  -9.66089855000000e-02
   4.36813306500000e-01
   5.05288052500000e-01
   4.14680210000000e-01
   3.30687273500000e-01
  -4.48000193000000e-01
  -3.29425575000000e-01
  -1.41952644500000e-01
   2.15025158000000e-01
   1.94130287000000e-01
  -4.74104414000000e-01
   2.27956533000000e-01
   6.72394444000000e-01
  -3.45889235000000e-01
  -6.18660393500000e-01
   5.77068776500000e-01
   6.22494489500000e-01
  -4.71577750000001e-02
  -7.52781188500000e-01
  -9.86563638500000e-01
   4.40868375000001e-02
   7.31713405500000e-01
   1.98464582500000e-01
  -6.51106385500000e-01
  -1.95453847500000e-01
  -1.41376184000000e-01
  -7.97740354500000e-01
  -6.13408425000000e-01
   2.67483379000000e-01
  -8.65623444999999e-02
  -8.33087013500000e-01
   3.99087132000000e-01
   4.96011567000000e-01
   0.00000000000000e+00
