   0.00000000000000e+00
   0.00000000000000e+00
   0.00000000000000e+00
   9.57917113433333e-01
   3.22882941033333e-01
   1.16133279733333e-01
  -2.60581610266667e-01
  -2.29894076200000e-01
   8.71419898683333e-01
   1.06967816693333e+00
  -1.02324923298333e+00
  -5.20169814916667e-01
   4.16000675550000e-01
   7.18476891883334e-01
   6.12565891066667e-01
  -2.73472200533333e-01
  -5.02916889999999e-02
  -5.89591012000000e-01
  -2.42399595550000e-01
  -4.33293487983333e-01
  -2.62529361550000e-01
   5.62908486116667e-01
  -9.91089699800000e-01
   2.14167630266666e-01
  -9.05612173333337e-03
  -1.51092045045000e+00
  -5.65719422583333e-01
  -2.60034825666667e-02
   5.24515088416667e-01
   2.56700742166667e-02
   9.55303434166666e-02
  -9.07703199416667e-01
  -8.65362678400000e-01
   5.17111098716667e-01
  -4.37342560166667e-01
  -1.04031477735000e+00
   2.02159728666667e-01
   1.44233236516667e-01
   2.26854852016667e-01
  -8.20318626733334e-01
  -7.31788477066667e-01
   9.09740705966667e-01
   3.07053440650000e-01
   1.80412472400000e-01
  -8.66087772633334e-01
  -2.95449799316667e-01
   3.23799831366667e-01
  -1.45139811750000e-01
  -6.43575761333333e-02
  -6.64582733333333e-01
  -6.26464381333333e-02
   1.44078754476667e+00
  -1.24665619383333e-01
  -1.19996146666666e-02
   5.89807765683333e-01
  -3.75689037500000e-02
   3.72964366033333e-01
  -1.46014915800000e-01
   4.35041804816667e-01
  -3.48476492500000e-02
  -3.45052686150000e-01
   7.29341203350000e-01
   8.76972012200000e-01
  -3.45919287800000e-01
   4.37135795650000e-01
   9.16749017850000e-01
  -1.22131841533333e-01
   7.03396293016667e-01
   7.82577623433333e-01
   6.35470092450000e-01
   5.12915901950000e-01
  -6.77842710416667e-01
  -4.86928800616667e-01
  -2.26123051766667e-01
   3.02920909300000e-01
   3.00533236350000e-01
  -6.97379448066667e-01
   3.44474719000000e-01
   9.94579320550000e-01
  -5.03529316683333e-01
  -9.05449638916667e-01
   8.71737223633334e-01
   9.08776831166667e-01
  -8.59584170666667e-02
  -1.13204511146667e+00
  -1.48991239135000e+00
   4.91225973000001e-02
   1.06737155430000e+00
   2.99266792833333e-01
  -9.78685217050000e-01
  -3.19671758566667e-01
  -2.58927309150000e-01
  -1.22080089251667e+00
  -9.48157535950000e-01
   3.55780268866667e-01
  -1.39872971333333e-01
  -1.25195025583333e+00
   0.00000000000000e+00
   0.00000000000000e+00
   0.00000000000000e+00
