  6.90370378006345e-310
  6.90370378006345e-310
  4.65468002820209e-310
  4.65468002820209e-310
   3.39509294597619e-01
   1.40941882647619e-01
  -2.61727408938095e-01
  -2.19999451596429e-01
   9.16146787376190e-01
   1.14825579501190e+00
  -1.08889773733690e+00
  -5.25437418066667e-01
   4.38558048128571e-01
   7.64094042044048e-01
   6.82303917405952e-01
  -2.98166340419048e-01
  -4.28708711428572e-02
  -6.63278587439286e-01
  -2.69271571517857e-01
  -4.66776509904762e-01
  -3.17725713435714e-01
   6.16889090855952e-01
  -1.08355295555357e+00
   2.17790553038095e-01
  -4.71576638226191e-02
  -1.64076791160357e+00
  -5.98184377651190e-01
  -6.69447566523809e-02
   5.72172758691667e-01
   8.06432983095236e-03
   9.74833983095238e-02
  -9.73569527534524e-01
  -9.47907980000000e-01
   5.18557119952381e-01
  -4.89259612459524e-01
  -1.11400915174286e+00
   2.21590451409524e-01
   1.11755820698810e-01
   2.37720956698809e-01
  -8.68167247065476e-01
  -7.86920584145238e-01
   9.81795709055952e-01
   2.93752638692857e-01
   2.17876339989286e-01
  -9.32098797851191e-01
  -3.20624597459524e-01
   3.33707924516667e-01
  -1.81227524557143e-01
  -6.45293200869048e-02
  -6.92308747926190e-01
  -7.66213873404764e-02
   1.55443654321309e+00
  -1.25817637783333e-01
   2.03264732404762e-02
   6.44565407994048e-01
  -5.16766290892857e-02
   4.35424198786905e-01
  -1.66374261303571e-01
   4.72592390227381e-01
  -2.86869345428571e-02
  -3.43968781850000e-01
   7.79824653053571e-01
   9.54233935117857e-01
  -3.39006077832143e-01
   4.87706783596429e-01
   1.00066482913214e+00
  -1.11047129147619e-01
   8.01774792330952e-01
   8.57670058954762e-01
   6.91302536132143e-01
   5.65825756635714e-01
  -7.35308520245238e-01
  -5.10736618977381e-01
  -2.55440585827381e-01
   3.00400832467857e-01
   3.31352803907143e-01
  -7.26606702413096e-01
   3.72002734553571e-01
   1.03913670393214e+00
  -5.19884723604762e-01
  -9.41277157263095e-01
   9.37877553051191e-01
   9.44660989523810e-01
  -1.05210305759524e-01
  -1.21298222987024e+00
  -1.60231384640714e+00
   3.84722509250002e-02
   1.10675677988571e+00
   3.28612667065476e-01
  -1.04103851418571e+00
  -3.68461429945238e-01
  -3.29551354167857e-01
  -1.32101643938810e+00
  -1.03442183476786e+00
   3.27258577391667e-01
  -1.55228987233333e-01
   0.00000000000000e+00
   0.00000000000000e+00
   0.00000000000000e+00
   0.00000000000000e+00
