
1971.121 79
1971.203 60.7
1971.285 71.8
1971.37 57.5
1971.452 49.8
1971.537 81
1971.622 61.4
1971.704 50.2
1971.789 51.7
1971.871 63.2
1971.956 82.2
1972.041 61.5
1972.123 88.4
1972.205 80.1
1972.287 63.2
1972.372 80.5
1972.454 88
1972.539 76.5
1972.624 76.8
1972.706 64
1972.791 61.3
1972.873 41.6
1972.958 45.3
1973.043 43.4
1973.123 42.9
1973.205 46
1973.287 57.7
1973.372 42.4
1973.454 37.5
1973.539 23.1
1973.624 25.6
1973.706 59.3
1973.791 30.7
1973.873 23.9
1973.958 23.3
1974.042 27.6
1974.122 26
1974.204 21.3
1974.286 40.3
1974.371 39.5
1974.453 36
1974.538 55.8
1974.623 33.6
1974.705 40.2
1974.79 47.1
1974.872 25
1974.957 20.5
1975.042 18.9
1975.121 11.5
1975.203 11.5
1975.285 5.1
1975.37 9
1975.452 11.4
1975.537 28.2
1975.622 39.7
1975.704 13.9
1975.789 9.1
1975.871 19.4
1975.956 7.8
1976.041 8.1
1976.123 4.3
1976.205 21.9
1976.287 18.8
1976.372 12.4
1976.454 12.2
