
1987.37 33
1987.452 17.4
1987.537 33
1987.622 38.7
1987.704 33.9
1987.789 60.6
1987.871 39.9
1987.956 27.1
1988.041 59
1988.123 40
1988.205 76.2
1988.287 88
1988.372 60.1
1988.454 101.8
1988.539 113.8
1988.624 111.6
1988.706 120.1
1988.791 125.1
1988.873 125.1
1988.958 179.2
1989.043 161.3
1989.123 165.1
1989.205 131.4
1989.287 130.6
1989.372 138.5
1989.454 196.2
1989.539 126.9
1989.624 168.9
1989.706 176.7
1989.791 159.4
1989.873 173
1989.958 165.5
1990.042 177.3
1990.122 130.5
1990.204 140.3
1990.286 140.3
1990.371 132.2
1990.453 105.4
1990.538 149.4
1990.623 200.3
1990.705 125.2
1990.79 145.5
1990.872 131.4
1990.957 129.7
1991.042 136.9
1991.121 167.5
1991.203 141.9
1991.285 140
1991.37 121.3
1991.452 169.7
1991.537 173.7
1991.622 176.3
1991.704 125.3
1991.789 144.1
1991.871 108.2
1991.956 144.4
1992.041 150
1992.123 161.1
1992.205 106.7
1992.287 99.8
1992.372 73.8
1992.454 65.2
1992.539 85.7
1992.624 64.5
1992.706 63.9
