
1846.541 46.5
1846.626 54.8
1846.708 107.1
1846.793 55.9
1846.875 60.4
1846.96 65.5
1847.044 62.6
1847.124 44.9
1847.206 85.7
1847.288 44.7
1847.373 75.4
1847.455 85.3
1847.54 52.2
1847.625 140.6
1847.707 160.9
1847.792 180.4
1847.874 138.9
1847.959 109.6
1848.044 159.1
1848.126 111.8
1848.208 108.6
1848.29 107.1
1848.375 102.2
1848.457 129
1848.542 139.2
1848.627 132.6
1848.709 100.3
1848.794 132.4
1848.876 114.6
1848.961 159.5
1849.046 157
1849.125 131.7
1849.207 96.2
1849.29 102.5
1849.374 80.6
1849.457 81.1
1849.541 78
1849.626 67.7
1849.708 93.7
1849.793 71.5
1849.875 99
1849.96 97
1850.045 78
1850.125 89.4
1850.207 82.6
1850.289 44.1
1850.374 61.6
1850.456 70
1850.541 39.1
1850.626 61.6
1850.708 86.2
1850.793 71
1850.875 54.8
1850.96 61
1851.044 75.5
1851.124 105.4
1851.206 64.6
1851.288 56.5
1851.373 62.6
1851.455 63.2
1851.54 36.1
1851.625 57.4
1851.707 67.9
1851.792 62.5
1851.874 51
