
1906.122 31.3
1906.204 64.5
1906.286 55.3
1906.371 57.7
1906.453 63.2
1906.538 103.6
1906.623 47.7
1906.705 56.1
1906.79 17.8
1906.872 38.9
1906.957 64.7
1907.042 76.4
1907.121 108.2
1907.203 60.7
1907.285 52.6
1907.37 42.9
1907.452 40.4
1907.537 49.7
1907.622 54.3
1907.704 85
1907.789 65.4
1907.871 61.5
1907.956 47.3
1908.041 39.2
1908.123 33.9
1908.205 28.7
1908.287 57.6
1908.372 40.8
1908.454 48.1
1908.539 39.5
1908.624 90.5
1908.706 86.9
1908.791 32.3
1908.873 45.5
1908.958 39.5
1909.043 56.7
1909.123 46.6
1909.205 66.3
1909.287 32.3
1909.372 36
1909.454 22.6
1909.539 35.8
1909.624 23.1
1909.706 38.8
1909.791 58.4
1909.873 55.8
1909.958 54.2
1910.042 26.4
1910.122 31.5
1910.204 21.4
1910.286 8.4
1910.371 22.2
1910.453 12.3
1910.538 14.1
1910.623 11.5
1910.705 26.2
1910.79 38.3
1910.872 4.9
1910.957 5.8
1911.042 3.4
1911.121 9
1911.203 7.8
1911.285 16.5
1911.37 9
1911.452 2.2
