
1851.959 71.4
1852.044 68.4
1852.126 66.4
1852.208 61.2
1852.29 65.4
1852.375 54.9
1852.457 46.9
1852.542 42.1
1852.627 39.7
1852.709 37.5
1852.794 67.3
1852.876 54.3
1852.961 45.4
1853.046 41.1
1853.125 42.9
1853.207 37.7
1853.29 47.6
1853.374 34.7
1853.457 40
1853.541 45.9
1853.626 50.4
1853.708 33.5
1853.793 42.3
1853.875 28.8
1853.96 23.4
1854.045 15.4
1854.125 20
1854.207 20.7
1854.289 26.5
1854.374 24
1854.456 21.1
1854.541 18.7
1854.626 15.8
1854.708 22.4
1854.793 12.6
1854.875 28.2
1854.96 21.6
1855.044 12.3
1855.124 11.4
1855.206 17.4
1855.288 4.4
1855.373 9.1
1855.455 5.3
1855.54 0.4
1855.625 3.1
1855.707 0
1855.792 9.6
1855.874 4.2
1855.959 3.1
1856.044 0.5
1856.126 4.9
1856.208 0.4
1856.29 6.5
1856.375 0
1856.457 5.2
1856.542 4.6
1856.627 5.9
1856.709 4.4
1856.794 4.5
1856.876 7.7
1856.961 7.2
1857.046 13.7
1857.125 7.4
1857.207 5.2
1857.29 11.1
