0.000	0.000	0.063
0.100	0.006	0.103
0.200	0.017	0.141
0.300	0.031	0.177
0.400	0.048	0.212
0.501	0.070	0.243
0.601	0.094	0.272
0.701	0.121	0.299
0.801	0.151	0.321
0.901	0.183	0.341
1.001	0.217	0.357
1.101	0.253	0.369
1.201	0.290	0.377
1.301	0.328	0.382
1.401	0.366	0.383
1.502	0.404	0.381
1.602	0.442	0.375
1.702	0.480	0.365
1.802	0.517	0.353
1.902	0.552	0.337
2.002	0.586	0.319
2.102	0.617	0.298
2.202	0.647	0.275
2.302	0.675	0.250
2.402	0.700	0.223
2.503	0.722	0.195
2.603	0.742	0.166
2.703	0.758	0.136
2.803	0.772	0.106
2.903	0.783	0.075
3.003	0.790	0.043
3.103	0.794	0.012
3.203	0.796	-0.018
3.303	0.794	-0.049
3.403	0.789	-0.078
3.504	0.781	-0.107
3.604	0.770	-0.134
3.704	0.757	-0.160
3.804	0.741	-0.185
3.904	0.722	-0.208
4.004	0.702	-0.229
4.104	0.679	-0.248
4.204	0.654	-0.265
4.304	0.627	-0.279
4.404	0.599	-0.292
4.505	0.570	-0.301
4.605	0.540	-0.309
4.705	0.509	-0.313
4.805	0.478	-0.314
4.905	0.446	-0.313
5.005	0.415	-0.309
5.105	0.384	-0.303
5.205	0.354	-0.293
5.305	0.324	-0.281
5.405	0.296	-0.266
5.506	0.270	-0.249
5.606	0.245	-0.230
5.706	0.222	-0.209
5.806	0.201	-0.186
5.906	0.182	-0.161
6.006	0.166	-0.135
6.106	0.153	-0.108
6.206	0.142	-0.080
6.306	0.134	-0.052
6.406	0.129	-0.023
6.507	0.126	0.006
6.607	0.127	0.034
6.707	0.130	0.061
6.807	0.136	0.088
6.907	0.145	0.114
7.007	0.157	0.138
7.107	0.170	0.160
7.207	0.186	0.181
7.307	0.205	0.200
7.407	0.225	0.216
7.508	0.246	0.231
7.608	0.269	0.243
7.708	0.294	0.252
7.808	0.319	0.259
7.908	0.345	0.263
8.008	0.371	0.265
8.108	0.398	0.265
8.208	0.424	0.261
8.308	0.450	0.256
8.408	0.476	0.248
8.509	0.501	0.238
8.609	0.525	0.226
8.709	0.547	0.213
8.809	0.569	0.197
8.909	0.588	0.180
9.009	0.606	0.162
9.109	0.623	0.143
9.209	0.637	0.122
9.309	0.649	0.101
9.409	0.659	0.080
9.510	0.667	0.058
9.610	0.673	0.036
9.710	0.677	0.013
9.810	0.678	-0.009
9.910	0.677	-0.030
10.010	0.674	-0.051
10.110	0.669	-0.072
10.210	0.662	-0.092
10.310	0.652	-0.110
10.410	0.641	-0.128
10.511	0.629	-0.144
10.611	0.614	-0.159
10.711	0.598	-0.173
10.811	0.581	-0.185
10.911	0.562	-0.195
11.011	0.543	-0.204
11.111	0.522	-0.211
11.211	0.501	-0.215
11.311	0.480	-0.218
11.411	0.458	-0.219
11.512	0.436	-0.218
11.612	0.414	-0.215
11.712	0.393	-0.210
11.812	0.372	-0.203
11.912	0.351	-0.195
12.012	0.332	-0.184
12.112	0.313	-0.172
12.212	0.296	-0.159
12.312	0.280	-0.144
12.412	0.266	-0.128
12.513	0.253	-0.110
12.613	0.242	-0.092
12.713	0.233	-0.074
12.813	0.225	-0.054
12.913	0.220	-0.035
13.013	0.216	-0.015
13.113	0.215	0.005
13.213	0.215	0.024
13.313	0.218	0.043
13.413	0.222	0.062
13.514	0.228	0.079
13.614	0.236	0.096
13.714	0.246	0.112
13.814	0.257	0.126
13.914	0.270	0.139
14.014	0.284	0.150
14.114	0.299	0.160
14.214	0.315	0.169
14.314	0.332	0.175
14.414	0.349	0.180
14.515	0.367	0.183
14.615	0.386	0.184
14.715	0.404	0.184
14.815	0.422	0.182
14.915	0.441	0.178
15.015	0.458	0.173
15.115	0.476	0.166
15.215	0.492	0.158
15.315	0.508	0.148
15.415	0.523	0.137
15.516	0.537	0.126
15.616	0.549	0.113
15.716	0.561	0.099
15.816	0.570	0.085
15.916	0.579	0.070
16.016	0.586	0.055
16.116	0.591	0.039
16.216	0.595	0.024
16.316	0.598	0.008
16.416	0.599	-0.008
16.517	0.598	-0.023
16.617	0.596	-0.038
16.717	0.592	-0.052
16.817	0.587	-0.066
16.917	0.580	-0.079
17.017	0.572	-0.092
17.117	0.563	-0.103
17.217	0.552	-0.114
17.317	0.541	-0.123
17.417	0.529	-0.131
17.518	0.516	-0.138
17.618	0.502	-0.144
17.718	0.487	-0.148
17.818	0.473	-0.151
17.918	0.458	-0.153
18.018	0.442	-0.153
18.118	0.427	-0.152
18.218	0.412	-0.149
18.318	0.397	-0.145
18.418	0.382	-0.140
18.519	0.368	-0.134
18.619	0.355	-0.126
18.719	0.342	-0.118
18.819	0.330	-0.108
18.919	0.320	-0.097
19.019	0.310	-0.086
19.119	0.301	-0.074
19.219	0.294	-0.061
19.319	0.288	-0.048
19.419	0.283	-0.034
19.520	0.280	-0.021
19.620	0.278	-0.007
19.720	0.277	0.007
19.820	0.278	0.020
19.920	0.280	0.033
20.020	0.283	0.046
20.120	0.287	0.058
20.220	0.293	0.069
20.320	0.300	0.080
20.420	0.308	0.090
20.521	0.317	0.098
20.621	0.327	0.106
20.721	0.338	0.113
20.821	0.349	0.118
20.921	0.361	0.123
21.021	0.373	0.126
21.121	0.386	0.128
21.221	0.398	0.128
21.321	0.411	0.128
21.421	0.424	0.126
21.522	0.437	0.124
21.622	0.449	0.120
21.722	0.461	0.115
21.822	0.472	0.109
21.922	0.483	0.102
22.022	0.494	0.094
22.122	0.503	0.086
22.222	0.512	0.077
22.322	0.519	0.067
22.422	0.526	0.057
22.523	0.532	0.047
22.623	0.537	0.036
22.723	0.540	0.025
22.823	0.543	0.014
22.923	0.544	0.003
23.023	0.544	-0.008
23.123	0.544	-0.019
23.223	0.542	-0.029
23.323	0.539	-0.039
23.423	0.535	-0.049
23.524	0.530	-0.058
23.624	0.524	-0.067
23.724	0.517	-0.074
23.824	0.510	-0.081
23.924	0.502	-0.088
24.024	0.493	-0.093
24.124	0.484	-0.098
24.224	0.474	-0.101
24.324	0.464	-0.104
24.424	0.453	-0.106
24.525	0.443	-0.107
24.625	0.432	-0.107
24.725	0.421	-0.105
24.825	0.411	-0.103
24.925	0.400	-0.100
25.025	0.390	-0.096
25.125	0.381	-0.092
25.225	0.372	-0.086
25.325	0.363	-0.080
25.425	0.355	-0.073
25.526	0.348	-0.065
25.626	0.341	-0.057
25.726	0.335	-0.048
25.826	0.331	-0.040
25.926	0.327	-0.030
26.026	0.324	-0.021
26.126	0.322	-0.011
26.226	0.320	-0.002
26.326	0.320	0.008
26.426	0.321	0.017
26.527	0.323	0.026
26.627	0.325	0.035
26.727	0.329	0.043
26.827	0.333	0.051
26.927	0.338	0.058
27.027	0.344	0.064
27.127	0.350	0.070
27.227	0.357	0.075
27.327	0.365	0.080
27.427	0.373	0.083
27.528	0.381	0.086
27.628	0.390	0.088
27.728	0.399	0.089
27.828	0.408	0.090
27.928	0.417	0.089
28.028	0.425	0.088
28.128	0.434	0.086
28.228	0.443	0.083
28.328	0.451	0.079
28.428	0.459	0.075
28.529	0.466	0.070
28.629	0.473	0.064
28.729	0.480	0.058
28.829	0.486	0.052
28.929	0.491	0.045
29.029	0.495	0.038
29.129	0.499	0.030
29.229	0.502	0.023
29.329	0.505	0.015
29.429	0.506	0.007
29.530	0.507	-0.000
29.630	0.507	-0.008
29.730	0.506	-0.016
29.830	0.504	-0.023
29.930	0.502	-0.030
30.030	0.499	-0.036
30.130	0.496	-0.043
30.230	0.491	-0.049
30.330	0.486	-0.054
30.430	0.481	-0.059
30.531	0.475	-0.063
30.631	0.469	-0.066
30.731	0.462	-0.069
30.831	0.455	-0.072
30.931	0.448	-0.073
31.031	0.441	-0.074
31.131	0.433	-0.075
31.231	0.426	-0.074
31.331	0.418	-0.073
31.431	0.411	-0.071
31.532	0.404	-0.069
31.632	0.397	-0.066
31.732	0.390	-0.063
31.832	0.384	-0.058
31.932	0.378	-0.054
32.032	0.373	-0.049
32.132	0.368	-0.043
32.232	0.364	-0.038
32.332	0.360	-0.032
32.432	0.357	-0.025
32.533	0.354	-0.019
32.633	0.352	-0.012
32.733	0.351	-0.006
32.833	0.351	0.001
32.933	0.351	0.008
33.033	0.351	0.014
33.133	0.353	0.020
33.233	0.355	0.026
33.333	0.357	0.032
33.433	0.361	0.037
33.534	0.364	0.042
33.634	0.369	0.046
33.734	0.373	0.050
33.834	0.378	0.054
33.934	0.384	0.057
34.034	0.389	0.059
34.134	0.395	0.061
34.234	0.401	0.062
34.334	0.407	0.062
34.434	0.414	0.062
34.535	0.420	0.062
34.635	0.426	0.061
34.735	0.432	0.059
34.835	0.438	0.057
34.935	0.444	0.054
35.035	0.449	0.051
35.135	0.454	0.048
35.235	0.459	0.044
35.335	0.463	0.039
35.435	0.467	0.035
35.536	0.471	0.030
35.636	0.474	0.025
35.736	0.476	0.019
35.836	0.478	0.014
35.936	0.480	0.009
36.036	0.481	0.003
36.136	0.481	-0.002
36.236	0.481	-0.007
36.336	0.480	-0.013
36.436	0.479	-0.018
36.537	0.477	-0.023
36.637	0.475	-0.027
36.737	0.472	-0.031
36.837	0.469	-0.035
36.937	0.465	-0.039
37.037	0.461	-0.042
37.137	0.457	-0.045
37.237	0.453	-0.047
37.337	0.448	-0.049
37.437	0.443	-0.051
37.538	0.438	-0.052
37.638	0.433	-0.052
37.738	0.428	-0.052
37.838	0.422	-0.052
37.938	0.417	-0.051
38.038	0.412	-0.049
38.138	0.407	-0.047
38.238	0.402	-0.045
38.338	0.398	-0.043
38.438	0.394	-0.040
38.539	0.390	-0.036
38.639	0.386	-0.033
38.739	0.383	-0.029
38.839	0.380	-0.025
38.939	0.377	-0.020
39.039	0.375	-0.016
39.139	0.374	-0.011
39.239	0.373	-0.007
39.339	0.372	-0.002
39.439	0.372	0.002
39.540	0.372	0.007
39.640	0.373	0.011
39.740	0.374	0.016
39.840	0.375	0.020
39.940	0.377	0.024
40.040	0.380	0.027
40.140	0.382	0.030
40.240	0.386	0.033
40.340	0.389	0.036
40.440	0.392	0.038
40.541	0.396	0.040
40.641	0.400	0.042
40.741	0.404	0.043
40.841	0.409	0.043
40.941	0.413	0.044
41.041	0.417	0.044
41.141	0.422	0.043
41.241	0.426	0.042
41.341	0.430	0.041
41.441	0.434	0.039
41.542	0.438	0.037
41.642	0.442	0.035
41.742	0.446	0.032
41.842	0.449	0.029
41.942	0.452	0.026
42.042	0.454	0.023
42.142	0.457	0.020
42.242	0.459	0.016
42.342	0.460	0.012
42.442	0.461	0.008
42.543	0.462	0.005
42.643	0.463	0.001
42.743	0.463	-0.003
42.843	0.463	-0.007
42.943	0.462	-0.010
43.043	0.461	-0.014
43.143	0.459	-0.017
43.243	0.458	-0.020
43.343	0.456	-0.023
43.443	0.453	-0.026
43.544	0.451	-0.028
43.644	0.448	-0.030
43.744	0.445	-0.032
43.844	0.442	-0.034
43.944	0.438	-0.035
44.044	0.435	-0.036
44.144	0.431	-0.036
44.244	0.428	-0.036
44.344	0.424	-0.036
44.444	0.421	-0.036
44.545	0.417	-0.035
44.645	0.413	-0.034
44.745	0.410	-0.033
44.845	0.407	-0.031
44.945	0.404	-0.029
45.045	0.401	-0.027
45.145	0.398	-0.024
45.245	0.396	-0.022
45.345	0.393	-0.019
45.445	0.392	-0.016
45.546	0.390	-0.013
45.646	0.389	-0.010
45.746	0.388	-0.007
45.846	0.387	-0.003
45.946	0.387	-0.000
46.046	0.387	0.003
46.146	0.387	0.006
46.246	0.388	0.009
46.346	0.388	0.012
46.446	0.390	0.015
46.547	0.391	0.017
46.647	0.393	0.020
46.747	0.395	0.022
46.847	0.397	0.024
46.947	0.400	0.026
47.047	0.402	0.027
47.147	0.405	0.028
47.247	0.408	0.029
47.347	0.411	0.030
47.447	0.414	0.030
47.548	0.417	0.030
47.648	0.420	0.030
47.748	0.423	0.030
47.848	0.426	0.029
47.948	0.429	0.028
48.048	0.431	0.027
48.148	0.434	0.025
48.248	0.437	0.024
48.348	0.439	0.022
48.448	0.441	0.020
48.549	0.443	0.018
48.649	0.445	0.015
48.749	0.446	0.013
48.849	0.448	0.010
48.949	0.449	0.008
49.049	0.450	0.005
49.149	0.450	0.002
49.249	0.450	-0.000
49.349	0.450	-0.003
49.449	0.450	-0.006
49.550	0.449	-0.008
49.650	0.449	-0.010
49.750	0.447	-0.013
49.850	0.446	-0.015
49.950	0.445	-0.017
50.050	0.443	-0.019
50.150	0.441	-0.020
50.250	0.439	-0.022
50.350	0.437	-0.023
50.450	0.435	-0.024
50.551	0.432	-0.025
50.651	0.430	-0.025
50.751	0.427	-0.025
50.851	0.425	-0.025
50.951	0.422	-0.025
51.051	0.420	-0.025
51.151	0.417	-0.024
51.251	0.415	-0.023
51.351	0.412	-0.022
51.451	0.410	-0.021
51.552	0.408	-0.020
51.652	0.406	-0.018
51.752	0.404	-0.016
51.852	0.403	-0.014
51.952	0.401	-0.012
52.052	0.400	-0.010
52.152	0.399	-0.008
52.252	0.398	-0.006
52.352	0.398	-0.004
52.452	0.397	-0.002
52.553	0.397	0.001
52.653	0.397	0.003
52.753	0.397	0.005
52.853	0.398	0.007
52.953	0.399	0.009
53.053	0.400	0.011
53.153	0.401	0.013
53.253	0.402	0.014
53.353	0.403	0.016
53.453	0.405	0.017
53.554	0.407	0.018
53.654	0.409	0.019
53.754	0.410	0.020
53.854	0.412	0.021
53.954	0.415	0.021
54.054	0.417	0.021
54.154	0.419	0.021
54.254	0.421	0.021
54.354	0.423	0.021
54.454	0.425	0.020
54.555	0.427	0.019
54.655	0.429	0.018
54.755	0.431	0.017
54.855	0.433	0.016
54.955	0.434	0.015
55.055	0.436	0.013
55.155	0.437	0.012
55.255	0.438	0.010
55.355	0.439	0.008
55.455	0.440	0.006
55.556	0.441	0.005
55.656	0.441	0.003
55.756	0.441	0.001
55.856	0.441	-0.001
55.956	0.441	-0.003
56.056	0.441	-0.005
56.156	0.441	-0.006
56.256	0.440	-0.008
56.356	0.439	-0.009
56.456	0.438	-0.011
56.557	0.437	-0.012
56.657	0.436	-0.013
56.757	0.435	-0.015
56.857	0.433	-0.015
56.957	0.432	-0.016
57.057	0.430	-0.017
57.157	0.428	-0.017
57.257	0.427	-0.018
57.357	0.425	-0.018
57.457	0.423	-0.018
57.558	0.421	-0.018
57.658	0.419	-0.017
57.758	0.418	-0.017
57.858	0.416	-0.016
57.958	0.414	-0.015
58.058	0.413	-0.014
58.158	0.412	-0.013
58.258	0.410	-0.012
58.358	0.409	-0.011
58.458	0.408	-0.010
58.559	0.407	-0.008
58.659	0.406	-0.007
58.759	0.405	-0.005
58.859	0.405	-0.004
58.959	0.405	-0.002
59.059	0.404	-0.000
59.159	0.404	0.001
59.259	0.404	0.003
59.359	0.405	0.004
59.459	0.405	0.006
59.560	0.406	0.007
59.660	0.406	0.008
59.760	0.407	0.009
59.860	0.408	0.011
59.960	0.409	0.011
60.060	0.410	0.012
60.160	0.412	0.013
60.260	0.413	0.014
60.360	0.414	0.014
60.460	0.416	0.015
60.561	0.417	0.015
60.661	0.419	0.015
60.761	0.420	0.015
60.861	0.422	0.015
60.961	0.423	0.014
61.061	0.424	0.014
61.161	0.426	0.013
61.261	0.427	0.013
61.361	0.428	0.012
61.461	0.430	0.011
61.562	0.431	0.010
61.662	0.432	0.009
61.762	0.433	0.008
61.862	0.433	0.007
61.962	0.434	0.005
62.062	0.435	0.004
62.162	0.435	0.003
62.262	0.435	0.001
62.362	0.435	0.000
62.462	0.435	-0.001
62.563	0.435	-0.002
62.663	0.435	-0.004
62.763	0.435	-0.005
62.863	0.434	-0.006
62.963	0.434	-0.007
63.063	0.433	-0.008
63.163	0.432	-0.009
63.263	0.431	-0.010
63.363	0.430	-0.010
63.463	0.429	-0.011
63.564	0.428	-0.012
63.664	0.427	-0.012
63.764	0.426	-0.012
63.864	0.424	-0.012
63.964	0.423	-0.012
64.064	0.422	-0.012
64.164	0.421	-0.012
64.264	0.420	-0.012
64.364	0.418	-0.011
64.464	0.417	-0.011
64.565	0.416	-0.010
64.665	0.415	-0.010
64.765	0.414	-0.009
64.865	0.413	-0.008
64.965	0.412	-0.007
65.065	0.412	-0.006
65.165	0.411	-0.005
65.265	0.410	-0.004
65.365	0.410	-0.003
65.465	0.410	-0.002
65.566	0.410	-0.001
65.666	0.409	0.000
65.766	0.409	0.001
65.866	0.410	0.002
65.966	0.410	0.003
66.066	0.410	0.004
66.166	0.411	0.005
66.266	0.411	0.006
66.366	0.412	0.007
66.466	0.412	0.008
66.567	0.413	0.008
66.667	0.414	0.009
66.767	0.415	0.009
66.867	0.416	0.010
66.967	0.417	0.010
67.067	0.418	0.010
67.167	0.419	0.010
67.267	0.420	0.010
67.367	0.421	0.010
67.467	0.422	0.010
67.568	0.423	0.010
67.668	0.424	0.010
67.768	0.425	0.009
67.868	0.426	0.009
67.968	0.427	0.008
68.068	0.427	0.007
68.168	0.428	0.007
68.268	0.429	0.006
68.368	0.429	0.005
68.468	0.430	0.004
68.569	0.430	0.003
68.669	0.431	0.002
68.769	0.431	0.002
68.869	0.431	0.001
68.969	0.431	-0.000
69.069	0.431	-0.001
69.169	0.431	-0.002
69.269	0.431	-0.003
69.369	0.430	-0.004
69.469	0.430	-0.004
69.570	0.430	-0.005
69.670	0.429	-0.006
69.770	0.429	-0.006
69.870	0.428	-0.007
69.970	0.427	-0.007
70.070	0.426	-0.008
70.170	0.426	-0.008
70.270	0.425	-0.008
70.370	0.424	-0.009
70.470	0.423	-0.009
70.571	0.422	-0.009
70.671	0.421	-0.009
70.771	0.421	-0.008
70.871	0.420	-0.008
70.971	0.419	-0.008
71.071	0.418	-0.008
71.171	0.417	-0.007
71.271	0.417	-0.007
71.371	0.416	-0.006
71.471	0.415	-0.005
71.572	0.415	-0.005
71.672	0.414	-0.004
71.772	0.414	-0.003
71.872	0.414	-0.003
71.972	0.413	-0.002
72.072	0.413	-0.001
72.172	0.413	-0.000
72.272	0.413	0.000
72.372	0.413	0.001
72.472	0.413	0.002
72.573	0.413	0.003
72.673	0.414	0.003
72.773	0.414	0.004
72.873	0.414	0.004
72.973	0.415	0.005
73.073	0.415	0.006
73.173	0.416	0.006
73.273	0.416	0.006
73.373	0.417	0.007
73.473	0.418	0.007
73.574	0.418	0.007
73.674	0.419	0.007
73.774	0.420	0.007
73.874	0.421	0.007
73.974	0.421	0.007
74.074	0.422	0.007
74.174	0.423	0.007
74.274	0.423	0.007
74.374	0.424	0.006
74.474	0.425	0.006
74.575	0.425	0.005
74.675	0.426	0.005
74.775	0.426	0.004
74.875	0.427	0.004
74.975	0.427	0.003
75.075	0.427	0.003
75.175	0.428	0.002
75.275	0.428	0.001
75.375	0.428	0.001
75.475	0.428	0.000
75.576	0.428	-0.000
75.676	0.428	-0.001
75.776	0.428	-0.002
75.876	0.428	-0.002
75.976	0.428	-0.003
76.076	0.427	-0.003
76.176	0.427	-0.004
76.276	0.427	-0.004
76.376	0.426	-0.005
76.476	0.426	-0.005
76.577	0.425	-0.005
76.677	0.425	-0.006
76.777	0.424	-0.006
76.877	0.424	-0.006
76.977	0.423	-0.006
77.077	0.422	-0.006
77.177	0.422	-0.006
77.277	0.421	-0.006
77.377	0.421	-0.006
77.477	0.420	-0.006
77.578	0.419	-0.005
77.678	0.419	-0.005
77.778	0.418	-0.005
77.878	0.418	-0.004
77.978	0.417	-0.004
78.078	0.417	-0.004
78.178	0.417	-0.003
78.278	0.416	-0.003
78.378	0.416	-0.002
78.478	0.416	-0.002
78.579	0.416	-0.001
78.679	0.416	-0.001
78.779	0.415	-0.000
78.879	0.415	0.000
78.979	0.416	0.001
79.079	0.416	0.001
79.179	0.416	0.002
79.279	0.416	0.002
79.379	0.416	0.003
79.479	0.416	0.003
79.580	0.417	0.004
79.680	0.417	0.004
79.780	0.418	0.004
79.880	0.418	0.005
79.980	0.418	0.005
80.080	0.419	0.005
80.180	0.419	0.005
80.280	0.420	0.005
80.380	0.420	0.005
80.480	0.421	0.005
80.581	0.421	0.005
80.681	0.422	0.005
80.781	0.422	0.005
80.881	0.423	0.004
80.981	0.423	0.004
81.081	0.424	0.004
81.181	0.424	0.004
81.281	0.425	0.003
81.381	0.425	0.003
81.481	0.425	0.003
81.582	0.425	0.002
81.682	0.426	0.002
81.782	0.426	0.001
81.882	0.426	0.001
81.982	0.426	0.000
82.082	0.426	-0.000
82.182	0.426	-0.000
82.282	0.426	-0.001
82.382	0.426	-0.001
82.482	0.426	-0.002
82.583	0.426	-0.002
82.683	0.425	-0.002
82.783	0.425	-0.003
82.883	0.425	-0.003
82.983	0.425	-0.003
83.083	0.424	-0.004
83.183	0.424	-0.004
83.283	0.423	-0.004
83.383	0.423	-0.004
83.483	0.423	-0.004
83.584	0.422	-0.004
83.684	0.422	-0.004
83.784	0.421	-0.004
83.884	0.421	-0.004
83.984	0.421	-0.004
84.084	0.420	-0.004
84.184	0.420	-0.004
84.284	0.419	-0.004
84.384	0.419	-0.003
84.484	0.419	-0.003
84.585	0.418	-0.003
84.685	0.418	-0.002
84.785	0.418	-0.002
84.885	0.418	-0.002
84.985	0.418	-0.001
85.085	0.417	-0.001
85.185	0.417	-0.001
85.285	0.417	-0.000
85.385	0.417	0.000
85.485	0.417	0.000
85.586	0.417	0.001
85.686	0.417	0.001
85.786	0.417	0.002
85.886	0.418	0.002
85.986	0.418	0.002
86.086	0.418	0.002
86.186	0.418	0.003
86.286	0.418	0.003
86.386	0.419	0.003
86.486	0.419	0.003
86.587	0.419	0.003
86.687	0.420	0.003
86.787	0.420	0.004
86.887	0.420	0.004
86.987	0.421	0.004
87.087	0.421	0.004
87.187	0.421	0.003
87.287	0.422	0.003
87.387	0.422	0.003
87.487	0.423	0.003
87.588	0.423	0.003
87.688	0.423	0.003
87.788	0.423	0.002
87.888	0.424	0.002
87.988	0.424	0.002
88.088	0.424	0.002
88.188	0.424	0.001
88.288	0.424	0.001
88.388	0.424	0.001
88.488	0.425	0.000
88.589	0.425	0.000
88.689	0.425	-0.000
88.789	0.425	-0.000
88.889	0.425	-0.001
88.989	0.424	-0.001
89.089	0.424	-0.001
89.189	0.424	-0.002
89.289	0.424	-0.002
89.389	0.424	-0.002
89.489	0.424	-0.002
89.590	0.423	-0.002
89.690	0.423	-0.003
89.790	0.423	-0.003
89.890	0.423	-0.003
89.990	0.422	-0.003
90.090	0.422	-0.003
90.190	0.422	-0.003
90.290	0.422	-0.003
90.390	0.421	-0.003
90.490	0.421	-0.003
90.591	0.421	-0.003
90.691	0.420	-0.003
90.791	0.420	-0.003
90.891	0.420	-0.002
90.991	0.420	-0.002
91.091	0.419	-0.002
91.191	0.419	-0.002
91.291	0.419	-0.002
91.391	0.419	-0.001
91.491	0.419	-0.001
91.592	0.419	-0.001
91.692	0.419	-0.001
91.792	0.418	-0.000
91.892	0.418	-0.000
91.992	0.418	0.000
92.092	0.418	0.000
92.192	0.418	0.001
92.292	0.419	0.001
92.392	0.419	0.001
92.492	0.419	0.001
92.593	0.419	0.002
92.693	0.419	0.002
92.793	0.419	0.002
92.893	0.419	0.002
92.993	0.420	0.002
93.093	0.420	0.002
93.193	0.420	0.002
93.293	0.420	0.002
93.393	0.421	0.002
93.493	0.421	0.002
93.594	0.421	0.002
93.694	0.421	0.002
93.794	0.422	0.002
93.894	0.422	0.002
93.994	0.422	0.002
94.094	0.422	0.002
94.194	0.422	0.002
94.294	0.423	0.002
94.394	0.423	0.002
94.494	0.423	0.001
94.595	0.423	0.001
94.695	0.423	0.001
94.795	0.423	0.001
94.895	0.423	0.001
94.995	0.423	0.000
95.095	0.424	0.000
95.195	0.424	0.000
95.295	0.424	-0.000
95.395	0.424	-0.000
95.495	0.424	-0.001
95.596	0.423	-0.001
95.696	0.423	-0.001
95.796	0.423	-0.001
95.896	0.423	-0.001
95.996	0.423	-0.001
96.096	0.423	-0.002
96.196	0.423	-0.002
96.296	0.423	-0.002
96.396	0.422	-0.002
96.496	0.422	-0.002
96.597	0.422	-0.002
96.697	0.422	-0.002
96.797	0.422	-0.002
96.897	0.421	-0.002
96.997	0.421	-0.002
97.097	0.421	-0.002
97.197	0.421	-0.002
97.297	0.421	-0.002
97.397	0.420	-0.002
97.497	0.420	-0.002
97.598	0.420	-0.001
97.698	0.420	-0.001
97.798	0.420	-0.001
97.898	0.420	-0.001
97.998	0.420	-0.001
98.098	0.419	-0.001
98.198	0.419	-0.001
98.298	0.419	-0.000
98.398	0.419	-0.000
98.498	0.419	0.000
98.599	0.419	0.000
98.699	0.419	0.000
98.799	0.419	0.001
98.899	0.419	0.001
98.999	0.419	0.001
99.099	0.420	0.001
99.199	0.420	0.001
99.299	0.420	0.001
99.399	0.420	0.001
99.499	0.420	0.001
99.600	0.420	0.002
99.700	0.420	0.002
99.800	0.420	0.002
99.900	0.421	0.002
100.000	0.421	0.002
