-1.000	20.000	1.000	-29.000	0.000	-1.000
-0.800	15.095	0.710	-23.112	-0.010	-0.541
-0.649	11.271	0.478	-18.652	-0.015	-0.269
-0.536	8.275	0.292	-15.306	-0.018	-0.108
-0.453	5.915	0.138	-12.832	-0.019	-0.012
-0.394	4.038	0.010	-11.045	-0.019	0.048
-0.353	2.528	-0.101	-9.802	-0.019	0.086
-0.328	1.294	-0.199	-8.994	-0.018	0.113
-0.315	0.264	-0.289	-8.541	-0.017	0.136
-0.313	-0.617	-0.374	-8.381	-0.015	0.158
-0.319	-1.394	-0.458	-8.469	-0.014	0.183
-0.333	-2.102	-0.543	-8.775	-0.012	0.213
-0.354	-2.770	-0.631	-9.276	-0.010	0.250
-0.381	-3.422	-0.724	-9.959	-0.007	0.296
-0.416	-4.076	-0.823	-10.817	-0.004	0.354
-0.456	-4.751	-0.932	-11.850	-0.001	0.428
-0.504	-5.461	-1.050	-13.061	0.003	0.520
-0.559	-6.222	-1.181	-14.458	0.009	0.637
-0.621	-7.046	-1.326	-16.052	0.015	0.783
-0.692	-7.948	-1.486	-17.860	0.023	0.967
-0.771	-8.940	-1.665	-19.900	0.032	1.197
-0.861	-10.037	-1.864	-22.193	0.044	1.486
-0.961	-11.254	-2.086	-24.765	0.059	1.847
-1.074	-12.607	-2.334	-27.645	0.078	2.299
-1.200	-14.112	-2.611	-30.864	0.101	2.864
-1.341	-15.789	-2.920	-34.458	0.129	3.571
-1.499	-17.658	-3.265	-38.464	0.165	4.454
-1.676	-19.740	-3.650	-42.925	0.210	5.558
-1.874	-22.061	-4.080	-47.882	0.265	6.936
-2.094	-24.646	-4.559	-53.382	0.335	8.655
-2.341	-27.522	-5.093	-59.470	0.422	10.800
-2.617	-30.720	-5.689	-66.190	0.530	13.472
-2.924	-34.271	-6.351	-73.580	0.664	16.799
-3.267	-38.206	-7.088	-81.672	0.833	20.936
-3.650	-42.557	-7.905	-90.479	1.042	26.071
-4.076	-47.354	-8.811	-99.994	1.303	32.434
-4.550	-52.623	-9.812	-110.170	1.628	40.299
-5.076	-58.383	-10.915	-120.911	2.031	49.990
-5.661	-64.642	-12.125	-132.045	2.532	61.885
-6.308	-71.389	-13.447	-143.296	3.151	76.417
-7.022	-78.587	-14.881	-154.247	3.916	94.059
-7.809	-86.161	-16.425	-164.296	4.858	115.312
-8.672	-93.982	-18.070	-172.602	6.012	140.661
-9.612	-101.852	-19.798	-178.025	7.420	170.514
-10.632	-109.477	-21.580	-179.079	9.127	205.093
-11.728	-116.444	-23.372	-173.892	11.180	244.289
-12.893	-122.195	-25.113	-160.228	13.625	287.454
-14.116	-126.002	-26.717	-135.588	16.502	333.139
-15.378	-126.961	-28.074	-97.452	19.837	378.815
-16.649	-124.007	-29.049	-43.720	23.629	420.623
-17.890	-115.971	-29.487	26.617	27.840	453.284
-19.051	-101.698	-29.221	112.605	32.377	470.339
-20.069	-80.246	-28.093	210.420	37.085	464.909
-20.872	-51.150	-25.987	312.744	41.739	431.103
-21.384	-14.724	-22.857	408.928	46.054	365.956
-21.532	27.683	-18.763	486.371	49.717	271.420
-21.254	73.598	-13.895	533.230	52.434	155.497
-20.518	119.607	-8.557	541.828	53.991	31.594
-19.320	161.871	-3.133	511.396	54.307	-84.283
-17.700	196.859	1.986	448.718	53.463	-177.718
-15.730	222.070	6.477	366.067	51.684	-239.713
-13.507	236.484	10.142	277.345	49.285	-268.408
-11.139	240.574	12.918	194.254	46.598	-268.161
-8.731	235.938	14.863	124.085	43.914	-246.872
-6.369	224.741	16.105	69.518	41.443	-213.092
-4.120	209.203	16.800	29.793	39.310	-174.041
-2.026	191.244	17.099	2.282	37.567	-134.817
-0.111	172.329	17.122	-16.206	36.218	-98.488
1.614	153.457	16.959	-28.629	35.232	-66.585
3.150	135.230	16.673	-37.353	34.566	-39.659
4.503	117.954	16.299	-44.078	34.169	-17.715
5.684	101.735	15.858	-49.913	33.991	-0.506
6.703	86.555	15.358	-55.480	33.986	12.308
7.569	72.337	14.803	-61.044	34.109	21.082
8.293	58.986	14.192	-66.607	34.320	26.170
8.883	46.414	13.525	-71.999	34.582	27.928
9.348	34.561	12.804	-76.950	34.862	26.729
9.694	23.399	12.034	-81.147	35.129	22.978
9.928	12.934	11.222	-84.288	35.359	17.119
10.058	3.202	10.378	-86.121	35.531	9.629
10.090	-5.740	9.516	-86.473	35.627	1.006
10.032	-13.821	8.650	-85.270	35.637	-8.251
9.894	-20.973	7.797	-82.543	35.555	-17.673
9.684	-27.136	6.970	-78.417	35.378	-26.839
9.412	-32.269	6.185	-73.099	35.109	-35.404
9.089	-36.356	5.454	-66.850	34.755	-43.108
8.725	-39.409	4.785	-59.958	34.323	-49.781
8.331	-41.466	4.184	-52.712	33.825	-55.340
7.916	-42.591	3.657	-45.381	33.271	-59.776
7.490	-42.871	3.202	-38.198	32.673	-63.142
7.060	-42.403	2.820	-31.348	32.041	-65.530
6.636	-41.296	2.506	-24.966	31.385	-67.060
6.223	-39.662	2.256	-19.140	30.713	-67.862
5.826	-37.608	2.065	-13.914	30.034	-68.062
5.449	-35.236	1.926	-9.297	29.353	-67.781
5.096	-32.639	1.832	-5.269	28.674	-67.126
4.770	-29.900	1.780	-1.791	28.002	-66.184
4.470	-27.086	1.762	1.190	27.340	-65.030
4.199	-24.255	1.774	3.732	26.689	-63.722
3.956	-21.454	1.811	5.900	26.051	-62.304
3.742	-18.716	1.870	7.756	25.427	-60.809
3.554	-16.066	1.948	9.360	24.819	-59.260
3.394	-13.521	2.041	10.768	24.225	-57.673
3.258	-11.090	2.149	12.030	23.648	-56.059
3.147	-8.775	2.270	13.193	23.087	-54.422
3.059	-6.576	2.402	14.296	22.542	-52.765
2.994	-4.487	2.545	15.374	22.014	-51.086
2.949	-2.499	2.699	16.459	21.503	-49.383
2.924	-0.601	2.863	17.577	21.008	-47.651
2.918	1.219	3.039	18.751	20.531	-45.882
2.930	2.974	3.227	20.000	20.072	-44.071
2.960	4.678	3.427	21.341	19.631	-42.206
3.006	6.346	3.641	22.790	19.208	-40.276
3.070	7.992	3.869	24.358	18.805	-38.270
3.150	9.630	4.113	26.056	18.422	-36.171
3.246	11.274	4.374	27.894	18.060	-33.962
3.359	12.938	4.653	29.879	17.720	-31.624
3.489	14.634	4.952	32.015	17.404	-29.134
3.635	16.374	5.272	34.307	17.112	-26.466
3.799	18.169	5.616	36.755	16.847	-23.590
3.981	20.029	5.984	39.355	16.611	-20.475
4.181	21.964	6.378	42.102	16.406	-17.081
4.401	23.980	6.799	44.982	16.235	-13.368
4.641	26.082	7.249	47.976	16.101	-9.290
4.902	28.273	7.730	51.059	16.008	-4.795
5.185	30.554	8.241	54.190	15.960	0.171
5.491	32.920	8.783	57.321	15.962	5.666
5.821	35.363	9.357	60.384	16.019	11.749
6.175	37.867	9.961	63.294	16.136	18.480
6.554	40.413	10.595	65.945	16.321	25.915
6.958	42.968	11.255	68.205	16.581	34.102
7.388	45.495	11.938	69.912	16.922	43.077
7.844	47.939	12.638	70.874	17.353	52.853
8.324	50.235	13.347	70.870	17.882	63.412
8.827	52.300	14.057	69.646	18.517	74.693
9.350	54.037	14.754	66.922	19.265	86.576
9.891	55.326	15.424	62.406	20.131	98.872
10.445	56.035	16.048	55.801	21.121	111.299
11.006	56.012	16.607	46.840	22.235	123.477
11.566	55.094	17.076	35.307	23.471	134.915
12.118	53.113	17.429	21.086	24.822	145.014
12.650	49.907	17.640	4.203	26.273	153.079
13.149	45.332	17.682	-15.125	27.806	158.359
13.603	39.280	17.531	-36.449	29.391	160.096
13.996	31.700	17.166	-59.060	30.993	157.609
14.313	22.615	16.575	-82.001	32.571	150.387
14.540	12.143	15.754	-104.102	34.076	138.190
14.661	0.507	14.712	-124.080	35.460	121.138
14.666	-11.965	13.470	-140.660	36.672	99.763
14.547	-24.847	12.062	-152.740	37.671	75.005
14.298	-37.649	10.533	-159.541	38.422	48.142
13.921	-49.850	8.936	-160.725	38.904	20.656
13.422	-60.949	7.327	-156.450	39.110	-5.949
12.812	-70.509	5.761	-147.343	39.051	-30.325
12.106	-78.200	4.286	-134.393	38.747	-51.437
11.323	-83.825	2.941	-118.805	38.232	-68.652
10.484	-87.326	1.752	-101.825	37.545	-81.755
9.610	-88.778	0.732	-84.598	36.727	-90.900
8.721	-88.359	-0.114	-68.060	35.817	-96.510
7.837	-86.327	-0.796	-52.894	34.851	-99.171
6.973	-82.981	-1.325	-39.522	33.858	-99.529
6.142	-78.630	-1.721	-28.141	32.862	-98.201
5.355	-73.576	-2.002	-18.769	31.879	-95.734
4.619	-68.090	-2.190	-11.298	30.920	-92.571
3.937	-62.405	-2.303	-5.546	29.994	-89.053
3.312	-56.714	-2.359	-1.293	29.102	-85.420
2.745	-51.166	-2.372	1.693	28.247	-81.837
2.233	-45.875	-2.355	3.632	27.428	-78.399
1.773	-40.919	-2.319	4.724	26.643	-75.161
1.364	-36.350	-2.271	5.147	25.891	-72.140
1.000	-32.196	-2.220	5.050	25.169	-69.337
0.678	-28.468	-2.169	4.558	24.475	-66.736
0.393	-25.162	-2.124	3.770	23.807	-64.319
0.141	-22.266	-2.086	2.766	23.163	-62.062
-0.082	-19.760	-2.058	1.610	22.542	-59.942
-0.280	-17.621	-2.042	0.346	21.942	-57.940
-0.456	-15.823	-2.039	-0.991	21.362	-56.034
-0.615	-14.338	-2.049	-2.377	20.801	-54.210
-0.758	-13.141	-2.072	-3.798	20.258	-52.451
-0.890	-12.206	-2.110	-5.246	19.733	-50.744
-1.012	-11.509	-2.163	-6.717	19.225	-49.079
-1.127	-11.029	-2.230	-8.215	18.734	-47.443
-1.238	-10.747	-2.312	-9.743	18.259	-45.829
-1.345	-10.647	-2.410	-11.311	17.800	-44.226
-1.452	-10.713	-2.523	-12.927	17.358	-42.624
-1.559	-10.935	-2.652	-14.604	16.931	-41.014
-1.668	-11.302	-2.799	-16.355	16.520	-39.385
-1.782	-11.808	-2.962	-18.192	16.126	-37.725
-1.900	-12.447	-3.144	-20.131	15.749	-36.022
-2.024	-13.216	-3.346	-22.186	15.388	-34.261
-2.157	-14.114	-3.568	-24.372	15.045	-32.425
-2.298	-15.141	-3.812	-26.704	14.720	-30.495
-2.450	-16.298	-4.079	-29.197	14.415	-28.448
-2.613	-17.589	-4.372	-31.865	14.130	-26.259
-2.789	-19.018	-4.691	-34.721	13.868	-23.899
-2.979	-20.590	-5.038	-37.777	13.628	-21.333
-3.185	-22.311	-5.416	-41.041	13.415	-18.521
-3.409	-24.186	-5.827	-44.519	13.229	-15.416
-3.651	-26.221	-6.273	-48.213	13.075	-11.967
-3.913	-28.422	-6.755	-52.117	12.955	-8.113
-4.198	-30.794	-7.277	-56.216	12.874	-3.784
-4.506	-33.339	-7.840	-60.487	12.836	1.095
-4.840	-36.056	-8.445	-64.889	12.847	6.613
-5.201	-38.942	-9.095	-69.364	12.913	12.862
-5.590	-41.988	-9.789	-73.831	13.042	19.946
-6.011	-45.175	-10.528	-78.178	13.242	27.970
-6.463	-48.479	-11.311	-82.260	13.522	37.042
-6.948	-51.860	-12.134	-85.886	13.893	47.263
-7.467	-55.266	-12.994	-88.817	14.366	58.720
-8.020	-58.625	-13.883	-90.757	14.953	71.472
-8.607	-61.841	-14.791	-91.347	15.669	85.531
-9.226	-64.795	-15.706	-90.166	16.525	100.840
-9.875	-67.334	-16.608	-86.739	17.534	117.248
-10.549	-69.277	-17.477	-80.544	18.708	134.472
-11.242	-70.405	-18.283	-71.048	20.054	152.066
-11.947	-70.469	-18.994	-57.751	21.576	169.388
-12.653	-69.196	-19.572	-40.251	23.272	185.579
-13.345	-66.298	-19.975	-18.332	25.130	199.559
-14.009	-61.497	-20.159	7.930	27.127	210.059
-14.624	-54.547	-20.079	38.064	29.230	215.700
-15.170	-45.277	-19.698	71.110	31.389	215.126
-15.624	-33.627	-18.986	105.579	33.542	207.190
-15.960	-19.692	-17.929	139.488	35.616	191.183
-16.157	-3.758	-16.533	170.515	37.530	167.053
-16.195	13.687	-14.826	196.248	39.202	135.574
-16.058	31.961	-12.862	214.541	40.559	98.378
-15.738	50.237	-10.714	223.873	41.544	57.839
-15.235	67.618	-8.473	223.642	42.123	16.765
-14.558	83.236	-6.235	214.287	42.291	-22.009
-13.725	96.354	-4.090	197.211	42.071	-56.056
-12.761	106.450	-2.116	174.506	41.510	-83.695
-11.695	113.263	-0.369	148.566	40.672	-104.145
-10.561	116.796	1.118	121.702	39.629	-117.489
-9.392	117.287	2.337	95.842	38.453	-124.487
-8.218	115.141	3.296	72.369	37.207	-126.305
-7.066	110.859	4.020	52.100	35.943	-124.253
-5.956	104.977	4.542	35.356	34.699	-119.581
-4.905	98.008	4.896	22.092	33.502	-113.353
-3.924	90.409	5.117	12.020	32.367	-106.391
-3.019	82.562	5.237	4.732	31.302	-99.284
-2.193	74.772	5.285	-0.223	30.308	-92.409
-1.444	67.265	5.282	-3.285	29.383	-85.984
-0.771	60.203	5.250	-4.847	28.523	-80.107
-0.168	53.691	5.201	-5.248	27.721	-74.797
0.369	47.791	5.148	-4.769	26.972	-70.024
0.848	42.530	5.101	-3.635	26.271	-65.733
1.273	37.909	5.064	-2.025	25.613	-61.853
1.653	33.912	5.044	-0.076	24.994	-58.314
1.992	30.509	5.043	2.109	24.410	-55.046
2.298	27.666	5.064	4.450	23.859	-51.988
2.575	25.342	5.109	6.892	23.339	-49.083
2.828	23.496	5.178	9.395	22.848	-46.282
3.064	22.084	5.272	11.932	22.384	-43.541
3.285	21.068	5.391	14.486	21.949	-40.821
3.496	20.409	5.536	17.045	21.540	-38.087
3.700	20.072	5.707	19.605	21.159	-35.308
3.901	20.025	5.903	22.162	20.805	-32.453
4.101	20.239	6.125	24.714	20.480	-29.494
4.304	20.687	6.373	27.261	20.185	-26.401
4.511	21.345	6.645	29.799	19.921	-23.146
4.725	22.191	6.944	32.321	19.689	-19.699
4.947	23.205	7.267	34.819	19.492	-16.030
5.179	24.368	7.616	37.278	19.332	-12.109
5.423	25.660	7.989	39.677	19.210	-7.904
5.680	27.063	8.386	41.987	19.131	-3.386
5.951	28.557	8.806	44.171	19.097	1.478
6.237	30.120	9.249	46.181	19.112	6.713
6.538	31.728	9.711	47.959	19.179	12.344
6.856	33.353	10.191	49.433	19.303	18.390
7.189	34.962	10.686	50.519	19.487	24.859
7.539	36.519	11.191	51.116	19.736	31.748
7.905	37.981	11.703	51.113	20.054	39.036
8.285	39.295	12.215	50.385	20.444	46.683
8.679	40.405	12.719	48.798	20.912	54.618
9.083	41.245	13.208	46.210	21.458	62.742
9.496	41.742	13.670	42.485	22.086	70.912
9.914	41.817	14.095	37.493	22.796	78.947
10.332	41.384	14.471	31.131	23.586	86.618
10.747	40.358	14.782	23.330	24.454	93.649
11.151	38.653	15.016	14.076	25.391	99.725
11.537	36.193	15.157	3.428	26.389	104.499
11.900	32.913	15.191	-8.470	27.435	107.609
12.229	28.771	15.106	-21.372	28.512	108.704
12.517	23.751	14.892	-34.926	29.601	107.475
12.755	17.878	14.543	-48.679	30.676	103.688
12.934	11.215	14.055	-62.095	31.714	97.220
13.046	3.877	13.434	-74.587	32.687	88.093
13.085	-3.977	12.687	-85.561	33.569	76.494
13.045	-12.144	11.831	-94.471	34.335	62.774
12.924	-20.385	10.885	-100.876	34.963	47.439
12.720	-28.442	9.875	-104.486	35.438	31.108
12.435	-36.054	8.829	-105.194	35.750	14.460
12.074	-42.975	7.776	-103.092	35.894	-1.826
11.644	-48.993	6.744	-98.451	35.876	-17.138
11.153	-53.943	5.759	-91.690	35.704	-30.980
10.613	-57.722	4.841	-83.320	35.394	-43.004
10.036	-60.284	4.007	-73.894	34.964	-53.023
9.432	-61.647	3.267	-63.946	34.433	-61.003
8.815	-61.877	2.627	-53.953	33.823	-67.033
8.196	-61.084	2.087	-44.307	33.152	-71.297
7.584	-59.404	1.644	-35.301	32.438	-74.034
6.990	-56.992	1.290	-27.129	31.697	-75.505
6.419	-54.002	1.019	-19.897	30.941	-75.969
5.879	-50.588	0.820	-13.638	30.180	-75.663
5.372	-46.890	0.683	-8.328	29.423	-74.792
4.903	-43.030	0.600	-3.906	28.674	-73.524
4.472	-39.113	0.561	-0.285	27.938	-71.995
4.081	-35.227	0.558	2.634	27.218	-70.304
3.728	-31.437	0.584	4.955	26.514	-68.526
3.413	-27.794	0.634	6.779	25.828	-66.712
3.135	-24.333	0.702	8.201	25.160	-64.894
2.891	-21.077	0.784	9.305	24.511	-63.096
2.680	-18.035	0.877	10.169	23.879	-61.327
2.500	-15.212	0.979	10.858	23.265	-59.594
2.348	-12.602	1.087	11.429	22.669	-57.897
2.221	-10.197	1.202	11.929	22.089	-56.235
2.119	-7.982	1.321	12.399	21.526	-54.603
2.040	-5.942	1.445	12.873	20.980	-52.998
1.980	-4.059	1.574	13.377	20.449	-51.414
1.939	-2.313	1.708	13.934	19.934	-49.846
1.916	-0.687	1.848	14.564	19.436	-48.288
1.909	0.840	1.993	15.282	18.952	-46.733
1.918	2.285	2.146	16.102	18.484	-45.176
1.941	3.668	2.307	17.037	18.032	-43.608
1.977	5.007	2.478	18.095	17.596	-42.022
2.027	6.317	2.659	19.288	17.175	-40.409
2.091	7.615	2.852	20.625	16.771	-38.758
2.167	8.918	3.059	22.116	16.383	-37.059
2.256	10.239	3.280	23.768	16.012	-35.297
2.359	11.593	3.518	25.592	15.658	-33.457
2.475	12.994	3.774	27.597	15.323	-31.522
2.605	14.456	4.050	29.792	15.008	-29.470
2.750	15.991	4.349	32.185	14.713	-27.278
2.910	17.612	4.671	34.784	14.440	-24.916
3.086	19.331	5.019	37.596	14.190	-22.353
3.279	21.159	5.395	40.626	13.967	-19.551
3.491	23.108	5.802	43.875	13.771	-16.466
3.723	25.187	6.241	47.340	13.606	-13.050
3.975	27.404	6.715	51.015	13.475	-9.245
4.249	29.768	7.226	54.882	13.383	-4.986
4.547	32.282	7.775	58.915	13.333	-0.202
4.870	34.948	8.365	63.074	13.331	5.188
5.220	37.763	8.996	67.303	13.383	11.271
5.598	40.720	9.670	71.523	13.496	18.142
6.006	43.803	10.386	75.629	13.677	25.899
6.444	46.989	11.143	79.481	13.937	34.640
6.914	50.242	11.939	82.903	14.283	44.458
7.417	53.511	12.768	85.671	14.728	55.431
7.953	56.730	13.626	87.509	15.283	67.610
8.521	59.811	14.502	88.088	15.960	81.007
9.119	62.642	15.384	87.020	16.771	95.569
9.747	65.082	16.255	83.866	17.728	111.154
10.398	66.962	17.094	78.149	18.840	127.505
11.068	68.082	17.877	69.380	20.117	144.219
11.750	68.212	18.571	57.096	21.560	160.712
12.433	67.099	19.143	40.921	23.169	176.208
13.104	64.479	19.552	20.642	24.933	189.730
13.750	60.091	19.759	-3.698	26.832	200.126
14.351	53.706	19.722	-31.708	28.835	206.138
14.889	45.156	19.404	-62.561	30.899	206.512
15.341	34.373	18.778	-94.958	32.966	200.163
15.685	21.427	17.828	-127.142	34.969	186.372
15.899	6.555	16.555	-157.026	36.835	164.986
15.965	-9.819	14.983	-182.401	38.487	136.574
15.867	-27.095	13.157	-201.236	39.854	102.486
15.595	-44.526	11.143	-212.005	40.880	64.767
15.150	-61.291	9.021	-213.965	41.528	25.921
14.536	-76.573	6.879	-207.295	41.787	-11.439
13.770	-89.659	4.804	-193.075	41.673	-44.979
12.872	-100.011	2.871	-173.076	41.223	-72.968
11.871	-107.325	1.139	-149.435	40.492	-94.461
10.797	-111.540	-0.357	-124.310	39.547	-109.314
9.680	-112.818	-1.601	-99.581	38.452	-118.042
8.551	-111.493	-2.598	-76.676	37.271	-121.607
7.435	-108.008	-3.366	-56.512	36.053	-121.167
6.354	-102.853	-3.931	-39.532	34.841	-117.888
5.324	-96.515	-4.327	-25.811	33.661	-112.801
4.358	-89.437	-4.586	-15.163	32.531	-106.735
3.463	-82.002	-4.737	-7.254	31.463	-100.306
2.642	-74.520	-4.810	-1.687	30.459	-93.932
1.896	-67.229	-4.827	1.947	29.519	-87.869
1.223	-60.305	-4.807	4.026	28.639	-82.251
0.619	-53.865	-4.767	4.881	27.816	-77.128
0.080	-47.985	-4.718	4.795	27.044	-72.495
-0.400	-42.702	-4.670	3.997	26.318	-68.313
-0.827	-38.027	-4.630	2.673	25.634	-64.526
-1.208	-33.953	-4.603	0.965	24.988	-61.074
-1.548	-30.458	-4.594	-1.015	24.377	-57.894
-1.853	-27.510	-4.604	-3.183	23.797	-54.929
-2.128	-25.075	-4.636	-5.479	23.248	-52.127
-2.379	-23.114	-4.691	-7.858	22.726	-49.442
-2.611	-21.587	-4.769	-10.292	22.231	-46.831
-2.827	-20.456	-4.872	-12.761	21.762	-44.259
-3.031	-19.686	-5.000	-15.253	21.319	-41.693
-3.229	-19.242	-5.153	-17.764	20.902	-39.102
-3.421	-19.094	-5.331	-20.293	20.510	-36.457
-3.612	-19.214	-5.534	-22.840	20.145	-33.732
-3.805	-19.577	-5.762	-25.406	19.808	-30.897
-4.001	-20.161	-6.017	-27.995	19.498	-27.926
-4.202	-20.945	-6.297	-30.605	19.219	-24.788
-4.412	-21.912	-6.603	-33.234	18.971	-21.455
-4.631	-23.045	-6.936	-35.877	18.756	-17.893
-4.862	-24.330	-7.295	-38.521	18.577	-14.069
-5.106	-25.750	-7.681	-41.149	18.436	-9.948
-5.363	-27.292	-8.093	-43.737	18.336	-5.494
-5.637	-28.938	-8.530	-46.249	18.281	-0.669
-5.926	-30.671	-8.993	-48.641	18.275	4.564
-6.233	-32.469	-9.480	-50.855	18.320	10.238
-6.558	-34.310	-9.989	-52.820	18.423	16.384
-6.902	-36.163	-10.518	-54.448	18.587	23.027
-7.264	-37.993	-11.063	-55.636	18.817	30.178
-7.644	-39.759	-11.620	-56.262	19.120	37.837
-8.042	-41.411	-12.183	-56.188	19.498	45.981
-8.457	-42.890	-12.746	-55.257	19.959	54.560
-8.886	-44.128	-13.299	-53.304	20.505	63.491
-9.328	-45.047	-13.832	-50.153	21.140	72.647
-9.778	-45.558	-14.334	-45.633	21.867	81.854
-10.235	-45.565	-14.791	-39.587	22.687	90.881
-10.691	-44.967	-15.187	-31.889	23.597	99.438
-11.141	-43.658	-15.507	-22.462	24.592	107.176
-11.578	-41.536	-15.731	-11.306	25.665	113.695
-11.994	-38.510	-15.845	1.486	26.803	118.558
-12.379	-34.506	-15.830	15.700	27.990	121.317
-12.724	-29.481	-15.673	30.992	29.204	121.546
-13.020	-23.427	-15.362	46.878	30.421	118.888
-13.254	-16.390	-14.893	62.749	31.611	113.098
-13.418	-8.468	-14.265	77.904	32.743	104.094
-13.503	0.178	-13.485	91.596	33.785	91.995
-13.501	9.329	-12.568	103.102	34.706	77.136
-13.408	18.716	-11.536	111.796	35.478	60.066
-13.220	28.033	-10.417	117.225	36.079	41.507
-12.940	36.961	-9.244	119.161	36.495	22.292
-12.570	45.189	-8.051	117.630	36.718	3.284
-12.117	52.441	-6.873	112.907	36.751	-14.714
-11.592	58.493	-5.743	105.476	36.603	-31.031
-11.007	63.196	-4.687	95.964	36.293	-45.187
-10.374	66.476	-3.727	85.065	35.840	-56.911
-9.709	68.337	-2.875	73.465	35.271	-66.139
-9.025	68.850	-2.140	61.782	34.609	-72.978
-8.336	68.143	-1.521	50.519	33.878	-77.659
-7.654	66.379	-1.016	40.054	33.101	-80.495
-6.989	63.744	-0.615	30.633	32.295	-81.823
-6.351	60.429	-0.308	22.384	31.476	-81.979
-5.746	56.621	-0.084	15.342	30.655	-81.264
-5.179	52.489	0.069	9.470	29.842	-79.938
-4.654	48.183	0.164	4.684	29.042	-78.209
-4.172	43.828	0.211	0.868	28.259	-76.238
-3.733	39.528	0.220	-2.103	27.496	-74.142
-3.337	35.361	0.199	-4.359	26.753	-72.006
-2.983	31.385	0.155	-6.024	26.033	-69.883
-2.669	27.640	0.095	-7.213	25.333	-67.808
-2.392	24.151	0.023	-8.027	24.654	-65.799
-2.151	20.930	-0.058	-8.554	23.996	-63.865
-1.941	17.979	-0.143	-8.871	23.356	-62.006
-1.761	15.291	-0.232	-9.039	22.736	-60.220
-1.608	12.856	-0.323	-9.113	22.133	-58.502
-1.479	10.657	-0.414	-9.133	21.547	-56.847
-1.373	8.676	-0.505	-9.134	20.978	-55.249
-1.286	6.893	-0.597	-9.144	20.425	-53.700
-1.217	5.288	-0.688	-9.184	19.888	-52.196
-1.164	3.839	-0.780	-9.271	19.365	-50.733
-1.126	2.527	-0.873	-9.418	18.857	-49.304
-1.100	1.331	-0.967	-9.636	18.364	-47.906
-1.087	0.233	-1.064	-9.932	17.884	-46.535
-1.085	-0.784	-1.163	-10.314	17.419	-45.188
-1.092	-1.738	-1.266	-10.788	16.966	-43.860
-1.110	-2.644	-1.374	-11.359	16.527	-42.547
-1.136	-3.516	-1.488	-12.033	16.101	-41.246
-1.172	-4.369	-1.608	-12.815	15.688	-39.951
-1.215	-5.214	-1.737	-13.712	15.288	-38.659
-1.267	-6.065	-1.874	-14.728	14.902	-37.362
-1.328	-6.932	-2.021	-15.873	14.528	-36.055
-1.398	-7.827	-2.180	-17.153	14.167	-34.730
-1.476	-8.761	-2.352	-18.578	13.819	-33.379
-1.564	-9.743	-2.538	-20.159	13.485	-31.991
-1.661	-10.786	-2.740	-21.904	13.165	-30.554
-1.769	-11.899	-2.959	-23.828	12.859	-29.055
-1.888	-13.093	-3.198	-25.942	12.568	-27.477
-2.019	-14.379	-3.457	-28.260	12.293	-25.800
-2.163	-15.769	-3.740	-30.797	12.035	-24.001
-2.321	-17.273	-4.048	-33.566	11.794	-22.055
-2.494	-18.904	-4.384	-36.583	11.574	-19.928
-2.683	-20.674	-4.751	-39.861	11.374	-17.584
-2.890	-22.594	-5.150	-43.411	11.198	-14.978
-3.116	-24.678	-5.584	-47.244	11.048	-12.060
-3.363	-26.937	-6.057	-51.364	10.927	-8.768
-3.633	-29.382	-6.571	-55.772	10.840	-5.032
-3.927	-32.024	-7.130	-60.459	10.789	-0.773
-4.248	-34.870	-7.735	-65.404	10.782	4.104
-4.597	-37.927	-8.389	-70.570	10.823	9.703
-4.976	-41.194	-9.096	-75.902	10.920	16.145
-5.389	-44.668	-9.856	-81.314	11.081	23.559
-5.836	-48.337	-10.670	-86.689	11.317	32.087
-6.320	-52.176	-11.537	-91.863	11.638	41.877
-6.842	-56.149	-12.457	-96.621	12.058	53.076
-7.404	-60.200	-13.424	-100.681	12.589	65.822
-8.007	-64.252	-14.432	-103.684	13.248	80.223
-8.650	-68.199	-15.470	-105.188	14.051	96.341
-9.332	-71.902	-16.523	-104.658	15.015	114.157
-10.052	-75.181	-17.570	-101.469	16.158	133.533
-10.805	-77.812	-18.586	-94.923	17.495	154.166
-11.584	-79.525	-19.536	-84.280	19.038	175.534
-12.380	-80.001	-20.380	-68.818	20.795	196.844
-13.181	-78.882	-21.069	-47.928	22.765	216.989
-13.970	-75.783	-21.548	-21.238	24.937	234.536
-14.729	-70.323	-21.761	11.230	27.285	247.753
-15.433	-62.160	-21.649	48.888	29.765	254.723
-16.055	-51.044	-21.159	90.433	32.315	253.537
-16.566	-36.882	-20.254	133.775	34.853	242.584
-16.935	-19.799	-18.915	176.089	37.281	220.909
-17.133	-0.191	-17.152	214.052	39.492	188.561
-17.135	21.255	-15.010	244.274	41.380	146.846
-16.922	43.579	-12.564	263.857	42.850	98.354
-16.486	65.629	-9.923	270.969	43.834	46.705
-15.829	86.183	-7.211	265.254	44.302	-3.996
-14.966	104.108	-4.556	247.937	44.262	-49.849
-13.924	118.506	-2.074	221.560	43.763	-87.824
-12.738	128.821	0.144	189.445	42.884	-116.191
-11.449	134.890	2.040	155.041	41.721	-134.614
-10.098	136.907	3.592	121.355	40.373	-143.938
-8.728	135.350	4.807	90.609	38.932	-145.775
-7.373	130.872	5.714	64.131	37.473	-142.059
-6.063	124.191	6.356	42.458	36.051	-134.673
-4.820	116.009	6.781	25.526	34.703	-125.225
-3.659	106.952	7.037	12.901	33.449	-114.943
-2.588	97.538	7.166	3.960	32.299	-104.675
-1.612	88.170	7.205	-1.966	31.251	-94.949
-0.729	79.148	7.186	-5.508	30.301	-86.041
0.063	70.674	7.131	-7.221	29.439	-78.055
0.771	62.876	7.058	-7.565	28.658	-70.982
1.400	55.825	6.983	-6.909	27.947	-64.751
1.959	49.545	6.913	-5.541	27.299	-59.256
2.455	44.031	6.858	-3.682	26.706	-54.382
2.896	39.255	6.821	-1.499	26.162	-50.014
3.288	35.176	6.806	0.885	25.661	-46.048
3.641	31.743	6.815	3.378	25.200	-42.390
3.958	28.904	6.849	5.913	24.776	-38.960
4.248	26.603	6.908	8.443	24.386	-35.687
4.514	24.785	6.992	10.934	24.029	-32.513
4.762	23.398	7.102	13.360	23.703	-29.389
4.996	22.393	7.236	15.702	23.409	-26.273
5.220	21.724	7.393	17.947	23.146	-23.129
5.438	21.346	7.572	20.082	22.915	-19.927
5.652	21.219	7.773	22.095	22.715	-16.641
5.864	21.307	7.995	23.973	22.548	-13.249
6.077	21.574	8.235	25.702	22.416	-9.732
6.293	21.987	8.492	27.263	22.318	-6.075
6.513	22.515	8.765	28.637	22.258	-2.266
6.739	23.128	9.051	29.797	22.235	1.701
6.970	23.795	9.350	30.715	22.252	5.830
7.208	24.488	9.657	31.356	22.310	10.118
7.453	25.176	9.971	31.682	22.412	14.554
7.705	25.827	10.288	31.651	22.557	19.122
7.964	26.410	10.605	31.216	22.749	23.795
8.228	26.891	10.917	30.332	22.987	28.534
8.498	27.235	11.221	28.951	23.273	33.292
8.770	27.407	11.511	27.027	23.606	38.004
9.045	27.369	11.781	24.522	23.986	42.594
9.318	27.084	12.027	21.403	24.413	46.972
9.590	26.515	12.241	17.652	24.883	51.033
9.855	25.628	12.418	13.268	25.394	54.662
10.112	24.391	12.551	8.271	25.941	57.731
10.356	22.777	12.633	2.707	26.519	60.112
10.584	20.768	12.661	-3.351	27.120	61.674
10.792	18.354	12.627	-9.797	27.738	62.298
10.975	15.536	12.529	-16.495	28.361	61.879
11.131	12.330	12.364	-23.280	28.981	60.338
11.254	8.765	12.131	-29.966	29.585	57.630
11.342	4.888	11.831	-36.348	30.162	53.754
11.391	0.761	11.467	-42.219	30.700	48.754
11.399	-3.542	11.044	-47.380	31.188	42.723
11.363	-7.930	10.570	-51.652	31.615	35.801
11.284	-12.306	10.053	-54.892	31.974	28.173
11.161	-16.569	9.504	-57.000	32.256	20.050
10.995	-20.616	8.933	-57.930	32.456	11.665
10.788	-24.351	8.353	-57.690	32.573	3.254
10.545	-27.689	7.776	-56.342	32.606	-4.958
10.267	-30.557	7.212	-53.991	32.556	-12.771
9.962	-32.903	6.671	-50.784	32.428	-20.020
9.632	-34.693	6.163	-46.887	32.228	-26.579
9.285	-35.913	5.694	-42.479	31.962	-32.368
8.925	-36.570	5.268	-37.738	31.638	-37.346
8.559	-36.687	4.891	-32.828	31.264	-41.511
8.192	-36.301	4.562	-27.897	30.849	-44.891
7.829	-35.460	4.283	-23.065	30.399	-47.536
7.474	-34.219	4.052	-18.426	29.923	-49.513
7.131	-32.638	3.867	-14.049	29.428	-50.895
6.805	-30.777	3.727	-9.975	28.918	-51.756
6.496	-28.695	3.627	-6.226	28.400	-52.172
6.209	-26.446	3.565	-2.806	27.878	-52.208
5.944	-24.080	3.537	0.296	27.355	-51.925
5.703	-21.640	3.539	3.102	26.836	-51.374
5.487	-19.163	3.571	5.640	26.321	-50.599
5.295	-16.680	3.627	7.944	25.815	-49.635
5.128	-14.215	3.706	10.047	25.318	-48.508
4.986	-11.787	3.807	11.986	24.832	-47.239
4.868	-9.407	3.927	13.794	24.360	-45.843
4.774	-7.085	4.065	15.504	23.901	-44.330
4.703	-4.824	4.220	17.144	23.457	-42.705
4.654	-2.625	4.392	18.743	23.029	-40.970
4.628	-0.486	4.580	20.323	22.619	-39.124
4.623	1.597	4.783	21.904	22.228	-37.161
4.639	3.630	5.002	23.503	21.856	-35.075
4.676	5.619	5.237	25.132	21.505	-32.857
4.732	7.573	5.489	26.802	21.176	-30.495
4.808	9.497	5.757	28.519	20.870	-27.975
4.903	11.401	6.043	30.284	20.590	-25.282
5.017	13.292	6.346	32.096	20.337	-22.396
5.150	15.174	6.667	33.949	20.113	-19.299
5.302	17.053	7.007	35.831	19.920	-15.970
5.472	18.933	7.366	37.727	19.760	-12.385
5.662	20.814	7.743	39.613	19.636	-8.520
5.870	22.696	8.140	41.459	19.551	-4.351
6.098	24.574	8.555	43.230	19.507	0.145
6.344	26.442	8.988	44.877	19.509	4.990
6.608	28.287	9.437	46.345	19.559	10.204
6.891	30.095	9.901	47.567	19.661	15.801
7.193	31.844	10.377	48.466	19.819	21.787
7.511	33.508	10.862	48.950	20.037	28.157
7.847	35.053	11.352	48.919	20.319	34.893
8.198	36.441	11.842	48.262	20.668	41.959
8.562	37.625	12.325	46.857	21.088	49.296
8.939	38.549	12.794	44.580	21.582	56.814
9.325	39.152	13.240	41.307	22.150	64.396
9.717	39.368	13.654	36.923	22.795	71.884
10.111	39.123	14.023	31.329	23.515	79.082
10.503	38.343	14.337	24.458	24.306	85.757
10.886	36.953	14.582	16.286	25.165	91.636
11.256	34.884	14.745	6.847	26.082	96.418
11.605	32.078	14.813	-3.753	27.047	99.789
11.927	28.491	14.776	-15.323	28.046	101.433
12.212	24.105	14.622	-27.582	29.061	101.067
12.453	18.931	14.346	-40.160	30.073	98.459
12.643	13.016	13.944	-52.611	31.058	93.467
12.773	6.447	13.418	-64.433	31.994	86.062
12.837	-0.648	12.773	-75.105	32.856	76.351
12.831	-8.101	12.021	-84.128	33.620	64.584
12.750	-15.712	11.179	-91.073	34.266	51.148
12.593	-23.255	10.267	-95.623	34.778	36.545
12.360	-30.499	9.310	-97.609	35.144	21.349
12.054	-37.217	8.333	-97.027	35.358	6.159
11.682	-43.204	7.361	-94.035	35.419	-8.456
11.249	-48.292	6.420	-88.933	35.335	-22.003
10.766	-52.360	5.530	-82.126	35.115	-34.103
10.242	-55.340	4.708	-74.078	34.773	-44.511
9.688	-57.216	3.966	-65.268	34.328	-53.115
9.115	-58.022	3.313	-56.145	33.796	-59.924
8.534	-57.834	2.751	-47.097	33.196	-65.045
7.955	-56.759	2.280	-38.438	32.545	-68.652
7.387	-54.925	1.895	-30.394	31.858	-70.957
6.838	-52.469	1.591	-23.112	31.148	-72.185
6.312	-49.531	1.359	-16.667	30.425	-72.554
5.816	-46.241	1.192	-11.073	29.699	-72.261
5.354	-42.721	1.082	-6.303	28.975	-71.478
4.926	-39.075	1.018	-2.299	28.260	-70.343
4.535	-35.394	0.995	1.019	27.556	-68.968
4.181	-31.749	1.006	3.738	26.865	-67.437
3.863	-28.197	1.043	5.947	26.190	-65.812
3.580	-24.779	1.103	7.736	25.532	-64.136
3.332	-21.524	1.180	9.185	24.890	-62.440
3.117	-18.450	1.272	10.371	24.265	-60.741
2.932	-15.565	1.376	11.361	23.657	-59.050
2.776	-12.870	1.489	12.211	23.065	-57.372
2.648	-10.359	1.612	12.974	22.491	-55.709
2.544	-8.024	1.742	13.691	21.934	-54.059
2.464	-5.850	1.879	14.400	21.392	-52.418
2.405	-3.823	2.023	15.131	20.868	-50.782
2.367	-1.926	2.174	15.910	20.359	-49.145
2.348	-0.140	2.334	16.758	19.867	-47.502
2.346	1.551	2.501	17.695	19.392	-45.843
2.362	3.167	2.678	18.735	18.933	-44.163
2.393	4.725	2.866	19.893	18.491	-42.450
2.441	6.244	3.065	21.181	18.066	-40.695
2.503	7.739	3.277	22.609	17.659	-38.887
2.581	9.227	3.503	24.188	17.269	-37.011
2.673	10.725	3.746	25.928	16.899	-35.052
2.780	12.247	4.005	27.836	16.548	-32.993
2.903	13.807	4.284	29.920	16.218	-30.812
3.041	15.420	4.583	32.186	15.909	-28.487
3.196	17.098	4.905	34.642	15.624	-25.989
3.367	18.855	5.252	37.289	15.364	-23.289
3.555	20.700	5.625	40.129	15.131	-20.349
3.763	22.645	6.027	43.161	14.927	-17.128
3.989	24.698	6.459	46.376	14.756	-13.581
4.237	26.868	6.923	49.762	14.620	-9.655
4.505	29.160	7.421	53.298	14.523	-5.291
4.797	31.576	7.955	56.952	14.470	-0.424
5.113	34.116	8.525	60.680	14.466	5.017
5.455	36.775	9.132	64.421	14.516	11.107
5.823	39.543	9.777	68.092	14.627	17.928
6.219	42.401	10.459	71.588	14.807	25.558
6.643	45.322	11.176	74.771	15.063	34.076
7.097	48.270	11.924	77.471	15.404	43.548
7.580	51.193	12.699	79.478	15.840	54.025
8.093	54.024	13.495	80.537	16.380	65.529
8.633	56.678	14.301	80.352	17.036	78.038
9.201	59.048	15.106	78.580	17.818	91.469
9.792	61.003	15.892	74.847	18.733	105.658
10.402	62.389	16.641	68.754	19.791	120.336
11.027	63.026	17.330	59.910	20.995	135.106
11.658	62.714	17.929	47.963	22.348	149.424
12.286	61.238	18.409	32.655	23.844	162.589
12.899	58.377	18.736	13.884	25.471	173.750
13.483	53.923	18.875	-8.228	27.210	181.934
14.023	47.701	18.793	-33.257	29.031	186.111
14.500	39.598	18.460	-60.430	30.894	185.290
14.897	29.585	17.855	-88.602	32.749	178.650
15.193	17.754	16.968	-116.291	34.537	165.694
15.370	4.336	15.804	-141.782	36.196	146.394
15.414	-10.290	14.385	-163.306	37.661	121.296
15.311	-25.607	12.750	-179.266	38.876	91.548
15.055	-40.988	10.956	-188.480	39.792	58.822
14.644	-55.752	9.069	-190.378	40.381	25.127
14.086	-69.228	7.163	-185.106	40.632	-7.449
13.393	-80.828	5.310	-173.500	40.558	-37.030
12.584	-90.104	3.574	-156.938	40.187	-62.194
11.682	-96.794	2.003	-137.103	39.565	-82.109
10.713	-100.829	0.630	-115.720	38.743	-96.561
9.704	-102.320	-0.528	-94.339	37.776	-105.860
8.680	-101.521	-1.472	-74.184	36.716	-110.690
7.664	-98.784	-2.215	-56.093	35.608	-111.930
6.675	-94.511	-2.776	-40.529	34.488	-110.500
5.729	-89.107	-3.182	-27.649	33.382	-107.248
4.837	-82.955	-3.459	-17.379	32.308	-102.885
4.006	-76.391	-3.633	-9.502	31.278	-97.964
3.242	-69.696	-3.728	-3.721	30.298	-92.879
2.544	-63.092	-3.765	0.285	29.368	-87.894
1.912	-56.748	-3.762	2.828	28.488	-83.164
1.344	-50.784	-3.734	4.197	27.656	-78.769
0.836	-45.280	-3.692	4.639	26.867	-74.733
0.383	-40.283	-3.646	4.365	26.119	-71.047
-0.020	-35.814	-3.602	3.549	25.408	-67.681
-0.379	-31.874	-3.566	2.327	24.731	-64.597
-0.698	-28.450	-3.543	0.810	24.084	-61.751
-0.983	-25.521	-3.535	-0.921	23.466	-59.101
-1.238	-23.059	-3.544	-2.803	22.874	-56.609
-1.469	-21.031	-3.572	-4.790	22.308	-54.239
-1.680	-19.406	-3.620	-6.853	21.765	-51.959
-1.874	-18.149	-3.689	-8.970	21.245	-49.740
-2.056	-17.230	-3.779	-11.131	20.747	-47.557
-2.228	-16.620	-3.890	-13.331	20.271	-45.388
-2.394	-16.291	-4.023	-15.572	19.816	-43.210
-2.557	-16.219	-4.179	-17.856	19.384	-41.002
-2.720	-16.383	-4.358	-20.193	18.973	-38.742
-2.884	-16.764	-4.560	-22.589	18.586	-36.411
-3.052	-17.347	-4.786	-25.055	18.221	-33.984
-3.225	-18.119	-5.037	-27.600	17.881	-31.436
-3.407	-19.068	-5.313	-30.231	17.566	-28.743
-3.597	-20.185	-5.616	-32.954	17.279	-25.873
-3.800	-21.463	-5.946	-35.775	17.020	-22.794
-4.014	-22.896	-6.304	-38.692	16.791	-19.470
-4.244	-24.477	-6.691	-41.701	16.596	-15.862
-4.489	-26.201	-7.109	-44.790	16.438	-11.926
-4.751	-28.062	-7.557	-47.941	16.318	-7.613
-5.032	-30.052	-8.037	-51.126	16.242	-2.872
-5.333	-32.161	-8.549	-54.305	16.213	2.351
-5.655	-34.378	-9.092	-57.423	16.237	8.114
-5.999	-36.685	-9.667	-60.408	16.318	14.475
-6.366	-39.059	-10.272	-63.171	16.463	21.488
-6.757	-41.473	-10.904	-65.596	16.678	29.203
-7.172	-43.888	-11.561	-67.543	16.970	37.659
-7.611	-46.256	-12.237	-68.844	17.347	46.879
-8.074	-48.517	-12.926	-69.298	17.817	56.858
-8.560	-50.597	-13.620	-68.678	18.386	67.555
-9.066	-52.407	-14.307	-66.729	19.062	78.883
-9.591	-53.840	-14.975	-63.176	19.852	90.689
-10.130	-54.775	-15.607	-57.739	20.759	102.745
-10.678	-55.072	-16.185	-50.149	21.788	114.732
-11.230	-54.579	-16.687	-40.175	22.936	126.229
-11.776	-53.137	-17.090	-27.660	24.200	136.712
-12.308	-50.587	-17.366	-12.561	25.568	145.561
-12.814	-46.780	-17.492	5.005	27.025	152.080
-13.282	-41.597	-17.442	24.718	28.548	155.546
-13.699	-34.959	-17.195	46.028	30.105	155.267
-14.049	-26.852	-16.734	68.139	31.659	150.667
-14.318	-17.343	-16.052	90.034	33.167	141.377
-14.491	-6.595	-15.151	110.538	34.582	127.330
-14.557	5.130	-14.044	128.420	35.857	108.824
-14.506	17.472	-12.759	142.532	36.946	86.551
-14.331	29.990	-11.332	151.957	37.813	61.563
-14.031	42.199	-9.811	156.136	38.429	35.176
-13.608	53.604	-8.248	154.960	38.781	8.824
-13.072	63.750	-6.697	148.778	38.869	-16.114
-12.434	72.261	-5.207	138.347	38.708	-38.474
-11.710	78.876	-3.823	124.707	38.323	-57.431
-10.921	83.464	-2.574	109.030	37.748	-72.549
-10.085	86.023	-1.483	92.470	37.022	-83.770
-9.224	86.669	-0.557	76.041	36.183	-91.349
-8.357	85.605	0.204	60.539	35.269	-95.754
-7.500	83.096	0.810	46.516	34.310	-97.569
-6.668	79.434	1.276	34.289	33.334	-97.395
-5.873	74.915	1.619	23.980	32.359	-95.797
-5.123	69.817	1.859	15.558	31.400	-93.255
-4.424	64.385	2.015	8.897	30.466	-90.156
-3.779	58.831	2.104	3.807	29.564	-86.788
-3.191	53.323	2.142	0.076	28.695	-83.354
-2.657	47.993	2.142	-2.512	27.861	-79.988
-2.176	42.937	2.117	-4.163	27.060	-76.769
-1.747	38.223	2.076	-5.059	26.292	-73.737
-1.364	33.890	2.025	-5.362	25.554	-70.905
-1.025	29.961	1.971	-5.206	24.844	-68.270
-0.725	26.441	1.919	-4.702	24.160	-65.819
-0.460	23.323	1.872	-3.942	23.502	-63.532
-0.227	20.594	1.833	-2.997	22.866	-61.391
-0.021	18.233	1.803	-1.921	22.251	-59.373
0.162	16.215	1.783	-0.756	21.657	-57.463
0.324	14.516	1.776	0.468	21.082	-55.642
0.470	13.110	1.781	1.730	20.525	-53.896
0.601	11.971	1.798	3.018	19.985	-52.213
0.721	11.075	1.828	4.324	19.462	-50.582
0.831	10.399	1.871	5.649	18.956	-48.994
0.936	9.923	1.928	6.992	18.466	-47.438
1.035	9.630	1.998	8.361	17.991	-45.908
1.131	9.503	2.082	9.762	17.531	-44.395
1.226	9.529	2.179	11.205	17.087	-42.892
1.322	9.697	2.292	12.701	16.658	-41.391
1.419	9.997	2.419	14.263	16.243	-39.883
1.519	10.424	2.561	15.903	15.844	-38.360
1.623	10.973	2.721	17.636	15.460	-36.810
1.733	11.640	2.897	19.475	15.092	-35.223
1.850	12.424	3.092	21.437	14.739	-33.585
1.974	13.326	3.307	23.535	14.403	-31.880
2.107	14.348	3.542	25.786	14.084	-30.091
2.251	15.493	3.800	28.204	13.782	-28.198
2.406	16.765	4.083	30.806	13.500	-26.177
2.574	18.171	4.391	33.606	13.238	-23.999
2.756	19.716	4.727	36.616	12.998	-21.633
2.953	21.408	5.094	39.850	12.781	-19.040
3.168	23.254	5.493	43.316	12.591	-16.177
3.400	25.262	5.926	47.020	12.429	-12.992
3.653	27.440	6.397	50.962	12.299	-9.427
3.928	29.794	6.907	55.135	12.204	-5.415
4.226	32.331	7.459	59.523	12.150	-0.878
4.550	35.053	8.055	64.097	12.141	4.271
4.901	37.960	8.697	68.810	12.184	10.127
5.281	41.048	9.385	73.596	12.286	16.799
5.691	44.306	10.122	78.359	12.454	24.400
6.135	47.715	10.906	82.971	12.698	33.050
6.613	51.244	11.737	87.261	13.029	42.869
7.126	54.849	12.610	91.010	13.458	53.969
7.675	58.469	13.522	93.937	13.998	66.444
8.260	62.019	14.462	95.698	14.663	80.351
8.881	65.391	15.420	95.877	15.468	95.691
9.535	68.442	16.379	93.987	16.425	112.381
10.220	70.999	17.320	89.479	17.550	130.219
10.931	72.849	18.216	81.761	18.854	148.843
11.660	73.741	19.034	70.239	20.344	167.696
12.398	73.391	19.738	54.375	22.022	185.988
13.133	71.487	20.282	33.772	23.884	202.671
13.849	67.712	20.620	8.284	25.913	216.456
14.526	61.763	20.703	-21.860	28.080	225.859
15.145	53.392	20.484	-55.930	30.340	229.316
15.679	42.449	19.924	-92.612	32.636	225.364
16.104	28.930	18.997	-129.984	34.892	212.885
16.394	13.022	17.696	-165.613	37.023	191.374
16.524	-4.859	16.038	-196.786	38.938	161.179
16.475	-24.071	14.068	-220.865	40.552	123.642
16.234	-43.770	11.857	-235.723	41.790	81.060
15.796	-62.984	9.498	-240.139	42.601	36.428
15.166	-80.718	7.094	-234.060	42.966	-6.988
14.358	-96.067	4.751	-218.620	42.896	-46.173
13.396	-108.335	2.563	-195.916	42.433	-78.825
12.312	-117.102	0.602	-168.589	41.644	-103.645
11.140	-122.256	-1.086	-139.350	40.607	-120.382
9.916	-123.967	-2.481	-110.578	39.402	-129.671
8.675	-122.627	-3.588	-84.062	38.104	-132.734
7.447	-118.766	-4.429	-60.923	36.775	-131.053
6.259	-112.976	-5.039	-41.671	35.463	-126.106
5.128	-105.839	-5.456	-26.341	34.201	-119.180
4.068	-97.881	-5.720	-14.654	33.008	-111.291
3.088	-89.550	-5.867	-6.160	31.894	-103.169
2.192	-81.202	-5.928	-0.344	30.861	-95.292
1.379	-73.108	-5.932	3.301	29.907	-87.934
0.647	-65.460	-5.899	5.234	29.027	-81.225
-0.008	-58.383	-5.846	5.848	28.214	-75.192
-0.592	-51.954	-5.788	5.469	27.461	-69.803
-1.112	-46.206	-5.733	4.357	26.763	-64.990
-1.575	-41.145	-5.689	2.716	26.112	-60.673
-1.987	-36.754	-5.662	0.705	25.505	-56.764
-2.355	-33.004	-5.655	-1.558	24.937	-53.182
-2.685	-29.857	-5.671	-3.984	24.404	-49.852
-2.984	-27.267	-5.711	-6.508	23.905	-46.708
-3.257	-25.189	-5.776	-9.083	23.438	-43.690
-3.509	-23.577	-5.867	-11.677	23.000	-40.749
-3.745	-22.385	-5.983	-14.267	22.593	-37.839
-3.969	-21.573	-6.126	-16.840	22.214	-34.921
-4.185	-21.099	-6.295	-19.383	21.864	-31.961
-4.396	-20.927	-6.489	-21.892	21.544	-28.925
-4.606	-21.024	-6.708	-24.358	21.255	-25.784
-4.816	-21.358	-6.952	-26.777	20.997	-22.510
-5.030	-21.900	-7.220	-29.140	20.771	-19.075
-5.249	-22.625	-7.512	-31.435	20.580	-15.452
-5.476	-23.507	-7.826	-33.648	20.426	-11.615
-5.711	-24.522	-8.163	-35.757	20.309	-7.540
-5.956	-25.646	-8.521	-37.736	20.234	-3.203
-6.213	-26.857	-8.899	-39.552	20.202	1.417
-6.482	-28.127	-9.295	-41.160	20.216	6.338
-6.763	-29.432	-9.707	-42.511	20.280	11.572
-7.058	-30.741	-10.132	-43.542	20.395	17.126
-7.366	-32.023	-10.568	-44.184	20.567	22.998
-7.686	-33.240	-11.010	-44.355	20.797	29.171
-8.019	-34.352	-11.454	-43.966	21.089	35.616
-8.363	-35.315	-11.894	-42.921	21.445	42.285
-8.716	-36.076	-12.324	-41.119	21.869	49.105
-9.078	-36.581	-12.736	-38.459	22.360	55.981
-9.444	-36.769	-13.121	-34.847	22.921	62.786
-9.812	-36.576	-13.469	-30.201	23.549	69.362
-10.178	-35.938	-13.772	-24.462	24.243	75.519
-10.538	-34.790	-14.017	-17.602	24.999	81.038
-10.886	-33.069	-14.193	-9.641	25.811	85.674
-11.217	-30.724	-14.289	-0.649	26.668	89.167
-11.524	-27.713	-14.296	9.234	27.561	91.257
-11.802	-24.015	-14.203	19.801	28.474	91.696
-12.042	-19.629	-14.005	30.770	29.392	90.276
-12.239	-14.584	-13.697	41.795	30.296	86.848
-12.385	-8.941	-13.279	52.479	31.165	81.348
-12.474	-2.792	-12.754	62.394	31.979	73.812
-12.502	3.733	-12.129	71.118	32.718	64.390
-12.465	10.478	-11.417	78.264	33.363	53.344
-12.360	17.263	-10.634	83.518	33.897	41.040
-12.187	23.896	-9.798	86.670	34.308	27.918
-11.948	30.179	-8.930	87.632	34.587	14.464
-11.646	35.930	-8.053	86.451	34.732	1.164
-11.286	40.987	-7.187	83.296	34.744	-11.530
-10.876	45.223	-6.354	78.440	34.628	-23.240
-10.423	48.548	-5.568	72.230	34.395	-33.680
-9.937	50.918	-4.845	65.049	34.058	-42.672
-9.428	52.333	-4.194	57.283	33.631	-50.141
-8.904	52.828	-3.621	49.291	33.129	-56.105
-8.375	52.474	-3.128	41.381	32.568	-60.655
-7.850	51.364	-2.713	33.802	31.961	-63.930
-7.336	49.606	-2.375	26.733	31.321	-66.100
-6.839	47.316	-2.107	20.292	30.659	-67.345
-6.365	44.611	-1.904	14.538	29.985	-67.839
-5.919	41.601	-1.759	9.487	29.306	-67.739
-5.502	38.386	-1.664	5.117	28.628	-67.186
-5.118	35.056	-1.612	1.383	27.955	-66.294
-4.767	31.685	-1.599	-1.779	27.292	-65.156
-4.450	28.336	-1.616	-4.439	26.639	-63.845
-4.166	25.055	-1.661	-6.671	26.000	-62.414
-3.916	21.879	-1.728	-8.549	25.375	-60.903
-3.697	18.833	-1.813	-10.142	24.766	-59.339
-3.508	15.933	-1.915	-11.515	24.172	-57.741
-3.349	13.185	-2.030	-12.724	23.594	-56.119
-3.217	10.592	-2.157	-13.822	23.032	-54.479
-3.111	8.148	-2.296	-14.853	22.487	-52.824
-3.029	5.845	-2.444	-15.857	21.958	-51.150
-2.970	3.673	-2.603	-16.865	21.446	-49.457
-2.934	1.617	-2.772	-17.908	20.951	-47.737
-2.918	-0.337	-2.951	-19.009	20.473	-45.985
-2.921	-2.206	-3.142	-20.188	20.013	-44.191
-2.943	-4.006	-3.344	-21.465	19.570	-42.348
-2.983	-5.754	-3.558	-22.852	19.146	-40.442
-3.041	-7.465	-3.787	-24.364	18.742	-38.462
-3.115	-9.157	-4.031	-26.012	18.357	-36.393
-3.207	-10.844	-4.291	-27.804	17.992	-34.217
-3.316	-12.542	-4.570	-29.747	17.650	-31.915
-3.441	-14.264	-4.868	-31.848	17.330	-29.464
-3.584	-16.024	-5.186	-34.110	17.035	-26.840
-3.744	-17.835	-5.528	-36.533	16.767	-24.013
-3.923	-19.706	-5.894	-39.116	16.526	-20.951
-4.120	-21.649	-6.285	-41.852	16.317	-17.616
-4.337	-23.672	-6.704	-44.729	16.140	-13.967
-4.574	-25.779	-7.152	-47.731	16.001	-9.958
-4.832	-27.977	-7.630	-50.832	15.901	-5.538
-5.112	-30.265	-8.138	-53.994	15.845	-0.652
-5.415	-32.640	-8.679	-57.172	15.839	4.757
-5.742	-35.096	-9.251	-60.299	15.887	10.752
-6.093	-37.618	-9.855	-63.295	15.994	17.392
-6.469	-40.189	-10.488	-66.056	16.168	24.738
-6.872	-42.778	-11.150	-68.453	16.416	32.841
-7.300	-45.348	-11.835	-70.329	16.745	41.741
-7.754	-47.849	-12.539	-71.494	17.162	51.457
-8.233	-50.216	-13.254	-71.729	17.678	61.981
-8.735	-52.369	-13.972	-70.780	18.298	73.261
-9.260	-54.212	-14.681	-68.367	19.031	85.191
-9.802	-55.629	-15.365	-64.190	19.884	97.592
-10.359	-56.486	-16.008	-57.947	20.861	110.199
-10.925	-56.632	-16.588	-49.353	21.964	122.646
-11.492	-55.903	-17.082	-38.172	23.192	134.452
-12.051	-54.129	-17.464	-24.262	24.538	145.027
-12.593	-51.139	-17.707	-7.613	25.989	153.676
-13.105	-46.782	-17.783	11.593	27.528	159.637
-13.573	-40.939	-17.667	32.945	29.126	162.128
-13.983	-33.543	-17.337	55.770	30.749	160.429
-14.319	-24.603	-16.779	79.129	32.354	153.975
-14.565	-14.219	-15.987	101.858	33.896	142.460
-14.707	-2.600	-14.967	122.650	35.322	125.937
-14.733	9.938	-13.740	140.186	36.582	104.877
-14.634	22.976	-12.336	153.292	37.632	80.175
-14.404	36.020	-10.802	161.102	38.435	53.096
-14.043	48.541	-9.189	163.191	38.966	25.137
-13.557	60.018	-7.556	159.641	39.218	-2.146
-12.957	69.990	-5.958	151.025	39.196	-27.332
-12.256	78.101	-4.446	138.316	38.923	-49.305
-11.474	84.129	-3.061	122.729	38.429	-67.351
-10.632	87.993	-1.833	105.549	37.755	-81.193
-9.751	89.750	-0.776	87.975	36.942	-90.943
-8.853	89.572	0.104	71.002	36.032	-97.009
-7.956	87.714	0.815	55.363	35.061	-99.981
