0.000	 -inf
0.004	-5.520
0.008	-4.827
0.012	-4.422
0.016	-4.134
0.020	-3.911
0.024	-3.729
0.028	-3.575
0.032	-3.441
0.036	-3.323
0.040	-3.218
0.044	-3.123
0.048	-3.036
0.052	-2.956
0.056	-2.882
0.060	-2.813
0.064	-2.748
0.068	-2.688
0.072	-2.630
0.076	-2.576
0.080	-2.525
0.084	-2.476
0.088	-2.430
0.092	-2.385
0.096	-2.343
0.100	-2.302
0.104	-2.263
0.108	-2.225
0.112	-2.188
0.116	-2.154
0.120	-2.120
0.124	-2.087
0.128	-2.055
0.132	-2.025
0.136	-1.994
0.140	-1.966
0.144	-1.937
0.148	-1.910
0.152	-1.884
0.156	-1.858
0.160	-1.832
0.164	-1.808
0.168	-1.784
0.172	-1.760
0.176	-1.737
0.180	-1.715
0.184	-1.693
0.188	-1.670
0.192	-1.650
0.196	-1.630
0.200	-1.610
0.204	-1.590
0.208	-1.571
0.212	-1.550
0.216	-1.533
0.220	-1.514
0.224	-1.495
0.228	-1.479
0.232	-1.461
0.236	-1.443
0.240	-1.427
0.244	-1.411
0.248	-1.395
0.252	-1.379
0.256	-1.362
0.260	-1.347
0.264	-1.331
0.268	-1.316
0.272	-1.302
0.276	-1.288
0.280	-1.274
0.284	-1.258
0.288	-1.244
0.292	-1.231
0.296	-1.218
0.300	-1.205
0.304	-1.192
0.308	-1.177
0.312	-1.166
0.316	-1.153
0.320	-1.141
0.324	-1.128
0.328	-1.114
0.332	-1.103
0.336	-1.092
0.340	-1.080
0.344	-1.068
0.348	-1.056
0.352	-1.044
0.356	-1.035
0.360	-1.023
0.364	-1.010
0.368	-0.999
0.372	-0.989
0.376	-0.980
0.380	-0.967
0.384	-0.959
0.388	-0.949
0.392	-0.937
0.396	-0.928
0.400	-0.915
0.404	-0.909
0.408	-0.898
0.412	-0.887
0.416	-0.879
0.420	-0.867
0.424	-0.860
0.428	-0.851
0.432	-0.839
0.436	-0.833
0.440	-0.823
0.444	-0.815
0.448	-0.806
0.452	-0.797
0.456	-0.787
0.460	-0.778
0.464	-0.767
0.468	-0.760
0.472	-0.750
0.476	-0.743
0.480	-0.738
0.484	-0.728
0.488	-0.719
0.492	-0.713
0.496	-0.702
0.501	-0.697
0.505	-0.689
0.509	-0.680
0.513	-0.669
0.517	-0.666
0.521	-0.658
0.525	-0.646
0.529	-0.641
0.533	-0.635
0.537	-0.624
0.541	-0.621
0.545	-0.613
0.549	-0.605
0.553	-0.598
0.557	-0.592
0.561	-0.581
0.565	-0.578
0.569	-0.565
0.573	-0.564
0.577	-0.552
0.581	-0.548
0.585	-0.544
0.589	-0.532
0.593	-0.525
0.597	-0.524
0.601	-0.514
0.605	-0.511
0.609	-0.503
0.613	-0.497
0.617	-0.484
0.621	-0.481
0.625	-0.471
0.629	-0.472
0.633	-0.466
0.637	-0.453
0.641	-0.451
0.645	-0.445
0.649	-0.436
0.653	-0.435
0.657	-0.430
0.661	-0.416
0.665	-0.409
0.669	-0.410
0.673	-0.404
0.677	-0.399
0.681	-0.388
0.685	-0.386
0.689	-0.377
0.693	-0.370
0.697	-0.372
0.701	-0.362
0.705	-0.355
0.709	-0.349
0.713	-0.347
0.717	-0.341
0.721	-0.338
0.725	-0.333
0.729	-0.326
0.733	-0.315
0.737	-0.315
0.741	-0.311
0.745	-0.299
0.749	-0.300
0.753	-0.291
0.757	-0.292
0.761	-0.283
0.765	-0.272
0.769	-0.274
0.773	-0.266
0.777	-0.267
0.781	-0.258
0.785	-0.249
0.789	-0.252
0.793	-0.235
0.797	-0.237
0.801	-0.233
0.805	-0.221
0.809	-0.228
0.813	-0.222
0.817	-0.210
0.821	-0.202
0.825	-0.210
0.829	-0.189
0.833	-0.187
0.837	-0.195
0.841	-0.188
0.845	-0.186
0.849	-0.172
0.853	-0.165
0.857	-0.175
0.861	-0.163
0.865	-0.166
0.869	-0.161
0.873	-0.158
0.877	-0.149
0.881	-0.139
0.885	-0.145
0.889	-0.140
0.893	-0.137
0.897	-0.127
0.901	-0.124
0.905	-0.117
0.909	-0.107
0.913	-0.116
0.917	-0.108
0.921	-0.108
0.925	-0.091
0.929	-0.093
0.933	-0.101
0.937	-0.093
0.941	-0.067
0.945	-0.093
0.949	-0.087
0.953	-0.060
0.957	-0.083
0.961	-0.081
0.965	-0.074
0.969	-0.075
0.973	-0.076
0.977	-0.064
0.981	-0.050
0.985	-0.068
0.989	-0.057
0.993	-0.069
0.997	-0.049
1.001	-0.068
1.005	-0.065
1.009	-0.062
1.013	-0.067
1.017	-0.041
1.021	-0.073
1.025	-0.075
1.029	-0.067
1.033	-0.079
1.037	-0.073
1.041	-0.082
1.045	-0.079
1.049	-0.074
1.053	-0.092
1.057	-0.094
1.061	-0.096
1.065	-0.101
1.069	-0.049
1.073	-0.077
1.077	-0.110
1.081	-0.113
1.085	-0.118
1.089	-0.105
1.093	-0.094
1.097	-0.101
1.101	-0.094
1.105	-0.121
1.109	-0.132
1.113	-0.122
1.117	-0.148
1.121	-0.132
1.125	-0.157
1.129	-0.141
1.133	-0.163
1.137	-0.154
1.141	-0.161
1.145	-0.166
1.149	-0.179
1.153	-0.185
1.157	-0.186
1.161	-0.194
1.165	-0.187
1.169	-0.166
1.173	-0.200
1.177	-0.209
1.181	-0.217
1.185	-0.202
1.189	-0.203
1.193	-0.231
1.197	-0.224
1.201	-0.240
1.205	-0.201
1.209	-0.247
1.213	-0.251
1.217	-0.203
1.221	-0.264
1.225	-0.268
1.229	-0.260
1.233	-0.266
1.237	-0.277
1.241	-0.280
1.245	-0.258
1.249	-0.289
1.253	-0.303
1.257	-0.304
1.261	-0.314
1.265	-0.320
1.269	-0.295
1.273	-0.286
1.277	-0.277
1.281	-0.340
1.285	-0.347
1.289	-0.341
1.293	-0.358
1.297	-0.358
1.301	-0.342
1.305	-0.346
1.309	-0.380
1.313	-0.296
1.317	-0.387
1.321	-0.395
1.325	-0.403
1.329	-0.407
1.333	-0.409
1.337	-0.407
1.341	-0.423
1.345	-0.408
1.349	-0.421
1.353	-0.426
1.357	-0.446
1.361	-0.456
1.365	-0.462
1.369	-0.467
1.373	-0.462
1.377	-0.469
1.381	-0.455
1.385	-0.479
1.389	-0.497
1.393	-0.309
1.397	-0.503
1.401	-0.515
1.405	-0.525
1.409	-0.527
1.413	-0.508
1.417	-0.527
1.421	-0.552
1.425	-0.546
1.429	-0.559
1.433	-0.510
1.437	-0.566
1.441	-0.544
1.445	-0.591
1.449	-0.598
1.453	-0.609
1.457	-0.555
1.461	-0.624
1.465	-0.618
1.469	-0.618
1.473	-0.644
1.477	-0.605
1.481	-0.662
1.485	-0.623
1.489	-0.674
1.493	-0.659
1.497	-0.683
1.502	-0.674
1.506	-0.655
1.510	-0.674
1.514	-0.725
1.518	-0.678
1.522	-0.720
1.526	-0.732
1.530	-0.758
1.534	-0.739
1.538	-0.739
1.542	-0.774
1.546	-0.783
1.550	-0.768
1.554	-0.702
1.558	-0.806
1.562	-0.821
1.566	-0.790
1.570	-0.846
1.574	-0.777
1.578	-0.866
1.582	-0.873
1.586	-0.884
1.590	-0.885
1.594	-0.890
1.598	-0.862
1.602	-0.909
1.606	-0.919
1.610	-0.911
1.614	-0.952
1.618	-0.925
1.622	-0.972
1.626	-0.975
1.630	-0.936
1.634	-1.007
1.638	-0.998
1.642	-0.894
1.646	-1.031
1.650	-0.930
1.654	-1.062
1.658	-1.073
1.662	-1.041
1.666	-1.088
1.670	-1.083
1.674	-1.029
1.678	-1.123
1.682	-1.095
1.686	-1.152
1.690	-1.153
1.694	-1.180
1.698	-1.189
1.702	-1.200
1.706	-1.210
1.710	-1.224
1.714	-1.251
1.718	-1.153
1.722	-1.256
1.726	-1.270
1.730	-1.293
1.734	-1.263
1.738	-1.337
1.742	-1.349
1.746	-1.363
1.750	-1.344
1.754	-1.400
1.758	-1.394
1.762	-1.426
1.766	-1.450
1.770	-1.419
1.774	-1.479
1.778	-1.402
1.782	-1.523
1.786	-1.522
1.790	-1.544
1.794	-1.568
1.798	-1.581
1.802	-1.618
1.806	-1.635
1.810	-1.657
1.814	-1.658
1.818	-1.603
1.822	-1.669
1.826	-1.749
1.830	-1.755
1.834	-1.787
1.838	-1.758
1.842	-1.829
1.846	-1.869
1.850	-1.834
1.854	-1.923
1.858	-1.945
1.862	-1.964
1.866	-1.946
1.870	-2.020
1.874	-2.068
1.878	-2.086
1.882	-2.137
1.886	-2.145
1.890	-2.186
1.894	-2.236
1.898	-2.199
1.902	-2.304
1.906	-2.308
1.910	-2.389
1.914	-2.334
1.918	-2.446
1.922	-2.545
1.926	-2.603
1.930	-2.657
1.934	-2.662
1.938	-2.752
1.942	-2.841
1.946	-2.810
1.950	-2.950
1.954	-3.003
1.958	-3.135
1.962	-3.242
1.966	-3.302
1.970	-3.429
1.974	-3.590
1.978	-3.774
1.982	-4.008
1.986	-4.263
1.990	-4.579
1.994	-5.039
1.998	-5.917
2.002	-6.032
2.006	-5.022
2.010	-4.557
2.014	-4.252
2.018	-4.005
2.022	-3.772
2.026	-3.629
2.030	-3.515
2.034	-3.304
2.038	-3.241
2.042	-3.166
2.046	-3.069
2.050	-2.963
2.054	-2.877
2.058	-2.802
2.062	-2.690
2.066	-2.732
2.070	-2.591
2.074	-2.573
2.078	-2.565
2.082	-2.499
2.086	-2.452
2.090	-2.413
2.094	-2.338
2.098	-2.316
2.102	-2.284
2.106	-2.249
2.110	-2.212
2.114	-2.092
2.118	-2.148
2.122	-2.088
2.126	-2.011
2.130	-2.043
2.134	-1.970
2.138	-1.981
2.142	-1.932
2.146	-1.924
2.150	-1.872
2.154	-1.893
2.158	-1.851
2.162	-1.798
2.166	-1.792
2.170	-1.771
2.174	-1.727
2.178	-1.732
2.182	-1.705
2.186	-1.621
2.190	-1.639
2.194	-1.636
2.198	-1.628
2.202	-1.599
2.206	-1.558
2.210	-1.563
2.214	-1.541
2.218	-1.530
2.222	-1.506
2.226	-1.467
2.230	-1.433
2.234	-1.488
2.238	-1.401
2.242	-1.431
2.246	-1.386
2.250	-1.367
2.254	-1.352
2.258	-1.351
2.262	-1.339
2.266	-1.300
2.270	-1.308
2.274	-1.303
2.278	-1.288
2.282	-1.262
2.286	-1.251
2.290	-1.205
2.294	-1.259
2.298	-1.237
2.302	-1.211
2.306	-1.119
2.310	-1.178
2.314	-1.157
2.318	-1.143
2.322	-1.121
2.326	-1.132
2.330	-1.091
2.334	-1.098
2.338	-1.086
2.342	-1.070
2.346	-1.019
2.350	-1.048
2.354	-1.043
2.358	-1.047
2.362	-1.015
2.366	-1.003
2.370	-0.992
2.374	-1.003
2.378	-0.974
2.382	-0.982
2.386	-0.955
2.390	-0.940
2.394	-0.934
2.398	-0.897
2.402	-0.915
2.406	-0.879
2.410	-0.890
2.414	-0.868
2.418	-0.876
2.422	-0.860
2.426	-0.852
2.430	-0.846
2.434	-0.820
2.438	-0.817
2.442	-0.831
2.446	-0.806
2.450	-0.801
2.454	-0.762
2.458	-0.779
2.462	-0.778
2.466	-0.771
2.470	-0.753
2.474	-0.744
2.478	-0.737
2.482	-0.730
2.486	-0.721
2.490	-0.704
2.494	-0.718
2.498	-0.684
2.503	-0.710
2.507	-0.637
2.511	-0.677
2.515	-0.682
2.519	-0.664
2.523	-0.673
2.527	-0.639
2.531	-0.660
2.535	-0.627
2.539	-0.562
2.543	-0.612
2.547	-0.554
2.551	-0.596
2.555	-0.582
2.559	-0.573
2.563	-0.581
2.567	-0.584
2.571	-0.581
2.575	-0.555
2.579	-0.546
2.583	-0.541
2.587	-0.536
2.591	-0.526
2.595	-0.523
2.599	-0.520
2.603	-0.506
2.607	-0.500
2.611	-0.493
2.615	-0.508
2.619	-0.479
2.623	-0.501
2.627	-0.471
2.631	-0.460
2.635	-0.454
2.639	-0.469
2.643	-0.451
2.647	-0.437
2.651	-0.431
2.655	-0.403
2.659	-0.420
2.663	-0.413
2.667	-0.405
2.671	-0.402
2.675	-0.389
2.679	-0.387
2.683	-0.381
2.687	-0.375
2.691	-0.375
2.695	-0.366
2.699	-0.371
2.703	-0.352
2.707	-0.347
2.711	-0.343
2.715	-0.352
2.719	-0.333
2.723	-0.316
2.727	-0.331
2.731	-0.228
2.735	-0.311
2.739	-0.305
2.743	-0.298
2.747	-0.292
2.751	-0.287
2.755	-0.272
2.759	-0.268
2.763	-0.270
2.767	-0.266
2.771	-0.265
2.775	-0.273
2.779	-0.250
2.783	-0.246
2.787	-0.261
2.791	-0.253
2.795	-0.230
2.799	-0.206
2.803	-0.237
2.807	-0.228
2.811	-0.209
2.815	-0.206
2.819	-0.200
2.823	-0.197
2.827	-0.192
2.831	-0.185
2.835	-0.152
2.839	-0.176
2.843	-0.200
2.847	-0.160
2.851	-0.164
2.855	-0.189
2.859	-0.167
2.863	-0.151
2.867	-0.148
2.871	-0.141
2.875	-0.134
2.879	-0.129
2.883	-0.126
2.887	-0.113
2.891	-0.118
2.895	-0.160
2.899	-0.126
2.903	-0.099
2.907	-0.103
2.911	-0.101
2.915	-0.094
2.919	-0.085
2.923	-0.101
2.927	-0.071
2.931	-0.075
2.935	-0.077
2.939	-0.069
2.943	-0.059
2.947	-0.055
2.951	-0.072
2.955	-0.063
2.959	-0.044
2.963	-0.038
2.967	-0.026
2.971	-0.030
2.975	-0.040
2.979	-0.049
2.983	-0.033
2.987	-0.041
2.991	-0.014
2.995	-0.014
2.999	-0.003
3.003	-0.044
3.007	-0.042
3.011	-0.055
3.015	-0.038
3.019	-0.065
3.023	-0.068
3.027	-0.122
3.031	-0.101
3.035	-0.008
3.039	-0.069
3.043	-0.094
3.047	-0.137
3.051	-0.099
3.055	-0.081
3.059	-0.082
3.063	-0.065
3.067	-0.051
3.071	-0.046
3.075	-0.211
3.079	-0.190
3.083	-0.108
3.087	-0.213
3.091	-0.207
3.095	-0.218
3.099	-0.259
3.103	-0.276
3.107	-0.297
3.111	-0.220
3.115	-0.317
3.119	-0.298
3.123	-0.339
3.127	-0.317
3.131	-0.357
3.135	-0.329
3.139	-0.432
3.143	-0.428
3.147	-0.329
3.151	-0.469
3.155	-0.500
3.159	-0.545
3.163	-0.562
3.167	-0.536
3.171	-0.540
3.175	-0.652
3.179	-0.564
3.183	-0.648
3.187	-0.742
3.191	-0.762
3.195	-0.802
3.199	-0.870
3.203	-0.949
3.207	-0.982
3.211	-1.032
3.215	-1.147
3.219	-1.209
3.223	-1.124
3.227	-1.419
3.231	-1.789
3.235	-2.559
3.239	-2.008
3.243	-1.697
3.247	-1.498
3.251	-1.170
3.255	-1.060
3.259	-1.104
3.263	-1.045
3.267	-0.951
3.271	-0.900
3.275	-0.877
3.279	-0.770
3.283	-0.741
3.287	-0.664
3.291	-0.630
3.295	-0.574
3.299	-0.634
3.303	-0.590
3.307	-0.563
3.311	-0.496
3.315	-0.499
3.319	-0.488
3.323	-0.461
3.327	-0.442
3.331	-0.417
3.335	-0.401
3.339	-0.366
3.343	-0.307
3.347	-0.268
3.351	-0.369
3.355	-0.295
3.359	-0.285
3.363	-0.275
3.367	-0.298
3.371	-0.227
3.375	-0.206
3.379	-0.206
3.383	-0.198
3.387	-0.183
3.391	-0.182
3.395	-0.147
3.399	-0.141
3.403	-0.140
3.407	-0.100
3.411	-0.095
3.415	-0.098
3.419	-0.093
3.423	-0.068
3.427	-0.060
3.431	-0.036
3.435	-0.039
3.439	-0.025
3.443	-0.018
3.447	-0.001
3.451	0.002
3.455	-0.048
3.459	-0.029
3.463	-0.088
3.467	-0.065
3.471	-0.139
3.475	-0.164
3.479	-0.180
3.483	-0.275
3.487	-0.290
3.491	-0.439
3.495	-0.649
3.499	-0.969
3.504	-0.489
3.508	-0.399
3.512	-0.252
3.516	-0.210
3.520	-0.189
3.524	-0.142
3.528	-0.116
3.532	-0.047
3.536	-0.053
3.540	-0.035
3.544	-0.050
3.548	-0.021
3.552	-0.065
3.556	-0.231
3.560	-0.060
3.564	-0.041
3.568	-0.046
3.572	0.051
3.576	0.102
3.580	0.119
3.584	0.059
3.588	0.117
3.592	0.191
3.596	0.166
3.600	0.163
3.604	0.216
3.608	0.210
3.612	0.159
3.616	0.237
3.620	0.214
3.624	0.172
3.628	0.201
3.632	-0.084
3.636	0.222
3.640	0.245
3.644	0.232
3.648	0.265
3.652	0.268
3.656	0.291
3.660	0.288
3.664	0.284
3.668	0.300
3.672	0.277
3.676	0.353
3.680	0.360
3.684	0.374
3.688	0.302
3.692	0.317
3.696	0.357
3.700	0.390
3.704	0.358
3.708	0.417
3.712	0.378
3.716	0.403
3.720	0.391
3.724	0.339
3.728	0.365
3.732	0.375
3.736	0.404
3.740	-0.156
3.744	0.109
3.748	0.306
3.752	0.347
3.756	0.392
3.760	0.369
3.764	0.407
3.768	0.391
3.772	0.416
3.776	0.377
3.780	0.463
3.784	0.401
3.788	0.445
3.792	0.451
3.796	0.439
3.800	0.464
3.804	0.397
3.808	0.430
3.812	0.473
3.816	0.387
3.820	0.512
3.824	0.438
3.828	0.332
3.832	-0.076
3.836	-0.186
3.840	-0.040
3.844	-0.156
3.848	0.011
3.852	0.177
3.856	0.216
3.860	0.355
3.864	0.422
3.868	0.419
3.872	0.505
3.876	0.440
3.880	0.437
3.884	0.529
3.888	0.454
3.892	0.509
3.896	0.519
3.900	0.473
3.904	0.436
3.908	0.509
3.912	0.551
3.916	0.484
3.920	0.497
3.924	0.543
3.928	0.539
3.932	0.547
3.936	0.572
3.940	0.529
3.944	0.614
3.948	0.515
3.952	0.414
3.956	0.587
3.960	0.378
3.964	0.525
3.968	0.585
3.972	0.540
3.976	0.612
3.980	0.576
3.984	0.643
3.988	0.650
3.992	0.651
3.996	0.663
4.000	0.730
