2.500	-0.693
2.502	-0.690
2.503	-0.687
2.505	-0.684
2.506	-0.680
2.508	-0.678
2.509	-0.676
2.511	-0.672
2.512	-0.670
2.514	-0.666
2.515	-0.664
2.517	-0.658
2.518	-0.658
2.520	-0.655
2.521	-0.652
2.523	-0.652
2.524	-0.646
2.526	-0.643
2.527	-0.642
2.529	-0.638
2.530	-0.635
2.532	-0.630
2.533	-0.629
2.535	-0.626
2.536	-0.623
2.538	-0.620
2.539	-0.618
2.541	-0.614
2.542	-0.612
2.544	-0.610
2.545	-0.607
2.547	-0.604
2.548	-0.601
2.550	-0.599
2.551	-0.598
2.553	-0.593
2.554	-0.589
2.556	-0.588
2.557	-0.585
2.559	-0.582
2.560	-0.580
2.562	-0.578
2.563	-0.575
2.565	-0.572
2.566	-0.569
2.568	-0.566
2.569	-0.565
2.571	-0.557
2.572	-0.558
2.574	-0.556
2.575	-0.553
2.577	-0.551
2.578	-0.548
2.580	-0.540
2.581	-0.543
2.583	-0.540
2.584	-0.538
2.586	-0.536
2.587	-0.532
2.589	-0.529
2.590	-0.526
2.592	-0.525
2.593	-0.523
2.595	-0.520
2.596	-0.516
2.598	-0.516
2.599	-0.511
2.601	-0.509
2.602	-0.509
2.604	-0.505
2.605	-0.502
2.607	-0.499
2.608	-0.497
2.610	-0.495
2.611	-0.493
2.613	-0.490
2.614	-0.488
2.616	-0.483
2.617	-0.483
2.619	-0.480
2.620	-0.478
2.622	-0.478
2.623	-0.472
2.625	-0.471
2.626	-0.470
2.628	-0.466
2.629	-0.465
2.631	-0.461
2.632	-0.461
2.634	-0.456
2.635	-0.455
2.637	-0.450
2.638	-0.448
2.640	-0.449
2.641	-0.444
2.643	-0.440
2.644	-0.440
2.646	-0.437
2.647	-0.436
2.649	-0.434
2.650	-0.426
2.652	-0.428
2.653	-0.427
2.655	-0.424
2.656	-0.421
2.658	-0.417
2.659	-0.418
2.661	-0.417
2.662	-0.412
2.664	-0.410
2.665	-0.409
2.667	-0.406
2.668	-0.403
2.670	-0.401
2.671	-0.399
2.673	-0.397
2.674	-0.391
2.676	-0.393
2.677	-0.386
2.679	-0.388
2.680	-0.385
2.682	-0.386
2.683	-0.381
2.685	-0.379
2.686	-0.377
2.688	-0.374
2.689	-0.372
2.691	-0.371
2.692	-0.367
2.694	-0.366
2.695	-0.364
2.697	-0.361
2.698	-0.360
2.700	-0.359
2.701	-0.354
2.703	-0.353
2.704	-0.352
2.706	-0.351
2.707	-0.347
2.709	-0.344
2.710	-0.342
2.712	-0.340
2.713	-0.336
2.715	-0.336
2.716	-0.333
2.718	-0.332
2.719	-0.330
2.721	-0.327
2.722	-0.325
2.724	-0.323
2.725	-0.322
2.727	-0.319
2.728	-0.318
2.730	-0.315
2.731	-0.313
2.733	-0.311
2.734	-0.307
2.736	-0.307
2.737	-0.305
2.739	-0.303
2.740	-0.302
2.742	-0.299
2.743	-0.297
2.745	-0.295
2.746	-0.293
2.748	-0.292
2.749	-0.285
2.751	-0.289
2.752	-0.285
2.754	-0.283
2.755	-0.281
2.757	-0.280
2.758	-0.279
2.760	-0.274
2.761	-0.273
2.763	-0.271
2.764	-0.269
2.766	-0.268
2.767	-0.267
2.769	-0.264
2.770	-0.261
2.772	-0.259
2.773	-0.258
2.775	-0.256
2.776	-0.255
2.778	-0.252
2.779	-0.249
2.781	-0.249
2.782	-0.246
2.784	-0.244
2.785	-0.247
2.787	-0.240
2.788	-0.240
2.790	-0.236
2.791	-0.234
2.793	-0.234
2.794	-0.231
2.796	-0.229
2.797	-0.227
2.799	-0.225
2.800	-0.224
2.802	-0.220
2.803	-0.219
2.805	-0.218
2.806	-0.216
2.808	-0.212
2.809	-0.212
2.811	-0.208
2.812	-0.207
2.814	-0.206
2.815	-0.207
2.817	-0.203
2.818	-0.202
2.820	-0.198
2.821	-0.197
2.823	-0.195
2.824	-0.193
2.826	-0.192
2.827	-0.190
2.829	-0.190
2.830	-0.186
2.832	-0.184
2.833	-0.183
2.835	-0.180
2.836	-0.180
2.838	-0.178
2.839	-0.175
2.841	-0.174
2.842	-0.172
2.844	-0.171
2.845	-0.170
2.847	-0.167
2.848	-0.164
2.850	-0.163
2.851	-0.166
2.853	-0.158
2.854	-0.157
2.856	-0.156
2.857	-0.153
2.859	-0.152
2.860	-0.150
2.862	-0.150
2.863	-0.147
2.865	-0.146
2.866	-0.145
2.868	-0.145
2.869	-0.140
2.871	-0.139
2.872	-0.137
2.874	-0.135
2.875	-0.133
2.877	-0.132
2.878	-0.132
2.880	-0.128
2.881	-0.126
2.883	-0.125
2.884	-0.123
2.886	-0.124
2.887	-0.120
2.889	-0.120
2.890	-0.116
2.892	-0.116
2.893	-0.113
2.895	-0.112
2.896	-0.109
2.898	-0.108
2.899	-0.106
2.901	-0.103
2.902	-0.104
2.904	-0.101
2.905	-0.099
2.907	-0.098
2.908	-0.096
2.910	-0.095
2.911	-0.098
2.913	-0.090
2.914	-0.090
2.916	-0.091
2.917	-0.087
2.919	-0.085
2.920	-0.083
2.922	-0.082
2.923	-0.080
2.925	-0.078
2.926	-0.078
2.928	-0.077
2.929	-0.076
2.931	-0.072
2.932	-0.070
2.934	-0.069
2.935	-0.067
2.937	-0.068
2.938	-0.063
2.940	-0.064
2.941	-0.060
2.943	-0.060
2.944	-0.057
2.946	-0.056
2.947	-0.055
2.949	-0.056
2.950	-0.052
2.952	-0.048
2.953	-0.048
2.955	-0.046
2.956	-0.046
2.958	-0.044
2.959	-0.042
2.961	-0.042
2.962	-0.041
2.964	-0.039
2.965	-0.038
2.967	-0.036
2.968	-0.036
2.970	-0.031
2.971	-0.030
2.973	-0.028
2.974	-0.027
2.976	-0.027
2.977	-0.022
2.979	-0.025
2.980	-0.021
2.982	-0.020
2.983	-0.021
2.985	-0.018
2.986	-0.015
2.988	-0.014
2.989	-0.013
2.991	-0.012
2.992	-0.009
2.994	-0.006
2.995	-0.006
2.997	-0.008
2.998	-0.005
3.000	-0.005
3.002	-0.012
3.003	-0.005
3.005	-0.001
3.006	-0.016
3.008	-0.018
3.009	-0.016
3.011	-0.024
3.012	-0.026
3.014	-0.029
3.015	-0.037
3.017	-0.039
3.018	-0.040
3.020	-0.045
3.021	-0.041
3.023	-0.043
3.024	-0.053
3.026	-0.048
3.027	-0.058
3.029	-0.059
3.030	-0.065
3.032	-0.069
3.033	-0.072
3.035	-0.082
3.036	-0.079
3.038	-0.083
3.039	-0.089
3.041	-0.091
3.042	-0.081
3.044	-0.088
3.045	-0.101
3.047	-0.103
3.048	-0.109
3.050	-0.115
3.051	-0.116
3.053	-0.118
3.054	-0.123
3.056	-0.129
3.057	-0.133
3.059	-0.132
3.060	-0.137
3.062	-0.143
3.063	-0.144
3.065	-0.149
3.066	-0.160
3.068	-0.162
3.069	-0.162
3.071	-0.170
3.072	-0.176
3.074	-0.178
3.075	-0.178
3.077	-0.186
3.078	-0.190
3.080	-0.195
3.081	-0.196
3.083	-0.207
3.084	-0.210
3.086	-0.208
3.087	-0.224
3.089	-0.225
3.090	-0.231
3.092	-0.236
3.093	-0.239
3.095	-0.245
3.096	-0.246
3.098	-0.255
3.099	-0.262
3.101	-0.266
3.102	-0.271
3.104	-0.270
3.105	-0.281
3.107	-0.284
3.108	-0.292
3.110	-0.296
3.111	-0.303
3.113	-0.311
3.114	-0.320
3.116	-0.315
3.117	-0.322
3.119	-0.334
3.120	-0.341
3.122	-0.347
3.123	-0.352
3.125	-0.355
3.126	-0.366
3.128	-0.372
3.129	-0.376
3.131	-0.388
3.132	-0.385
3.134	-0.402
3.135	-0.404
3.137	-0.406
3.138	-0.418
3.140	-0.429
3.141	-0.436
3.143	-0.446
3.144	-0.443
3.146	-0.464
3.147	-0.472
3.149	-0.477
3.150	-0.489
3.152	-0.494
3.153	-0.500
3.155	-0.504
3.156	-0.513
3.158	-0.531
3.159	-0.544
3.161	-0.539
3.162	-0.560
3.164	-0.566
3.165	-0.572
3.167	-0.590
3.168	-0.603
3.170	-0.612
3.171	-0.620
3.173	-0.624
3.174	-0.644
3.176	-0.661
3.177	-0.670
3.179	-0.684
3.180	-0.698
3.182	-0.703
3.183	-0.718
3.185	-0.741
3.186	-0.747
3.188	-0.764
3.189	-0.780
3.191	-0.790
3.192	-0.818
3.194	-0.828
3.195	-0.853
3.197	-0.869
3.198	-0.875
3.200	-0.900
3.201	-0.923
3.203	-0.953
3.204	-0.959
3.206	-1.002
3.207	-1.020
3.209	-1.040
3.210	-1.076
3.212	-1.107
3.213	-1.109
3.215	-1.170
3.216	-1.193
3.218	-1.241
3.219	-1.290
3.221	-1.338
3.222	-1.392
3.224	-1.448
3.225	-1.511
3.227	-1.569
3.228	-1.672
3.230	-1.777
3.231	-1.909
3.233	-2.089
3.234	-2.374
3.236	-3.210
3.237	-2.615
3.239	-2.207
3.240	-1.982
3.242	-1.808
3.243	-1.718
3.245	-1.624
3.246	-1.540
3.248	-1.463
3.249	-1.408
3.251	-1.348
3.252	-1.309
3.254	-1.246
3.255	-1.224
3.257	-1.186
3.258	-1.150
3.260	-1.098
3.261	-1.089
3.263	-1.048
3.264	-1.027
3.266	-1.004
3.267	-0.971
3.269	-0.955
3.270	-0.933
3.272	-0.912
3.273	-0.893
3.275	-0.866
3.276	-0.852
3.278	-0.836
3.279	-0.817
3.281	-0.798
3.282	-0.783
3.284	-0.763
3.285	-0.752
3.287	-0.729
3.288	-0.723
3.290	-0.706
3.291	-0.691
3.293	-0.676
3.294	-0.665
3.296	-0.653
3.297	-0.641
3.299	-0.629
3.300	-0.608
3.302	-0.608
3.303	-0.593
3.305	-0.578
3.306	-0.570
3.308	-0.560
3.309	-0.550
3.311	-0.537
3.312	-0.528
3.314	-0.520
3.315	-0.498
3.317	-0.500
3.318	-0.486
3.320	-0.479
3.321	-0.470
3.323	-0.462
3.324	-0.455
3.326	-0.440
3.327	-0.435
3.329	-0.423
3.330	-0.422
3.332	-0.410
3.333	-0.406
3.335	-0.394
3.336	-0.394
3.338	-0.385
3.339	-0.375
3.341	-0.365
3.342	-0.359
3.344	-0.351
3.345	-0.340
3.347	-0.338
3.348	-0.333
3.350	-0.325
3.351	-0.319
3.353	-0.307
3.354	-0.295
3.356	-0.300
3.357	-0.294
3.359	-0.288
3.360	-0.278
3.362	-0.272
3.363	-0.267
3.365	-0.258
3.366	-0.252
3.368	-0.250
3.369	-0.246
3.371	-0.239
3.372	-0.233
3.374	-0.223
3.375	-0.221
3.377	-0.216
3.378	-0.210
3.380	-0.202
3.381	-0.199
3.383	-0.194
3.384	-0.188
3.386	-0.184
3.387	-0.179
3.389	-0.174
3.390	-0.168
3.392	-0.164
3.393	-0.159
3.395	-0.153
3.396	-0.149
3.398	-0.143
3.399	-0.139
3.401	-0.134
3.402	-0.122
3.404	-0.125
3.405	-0.117
3.407	-0.118
3.408	-0.111
3.410	-0.107
3.411	-0.103
3.413	-0.097
3.414	-0.092
3.416	-0.090
3.417	-0.086
3.419	-0.082
3.420	-0.076
3.422	-0.072
3.423	-0.067
3.425	-0.064
3.426	-0.060
3.428	-0.058
3.429	-0.053
3.431	-0.048
3.432	-0.046
3.434	-0.038
3.435	-0.035
3.437	-0.033
3.438	-0.025
3.440	-0.025
3.441	-0.021
3.443	-0.019
3.444	-0.014
3.446	-0.007
3.447	-0.007
3.449	-0.003
3.450	-0.007
3.452	-0.012
3.453	-0.023
3.455	-0.029
3.456	-0.034
3.458	-0.040
3.459	-0.051
3.461	-0.052
3.462	-0.072
3.464	-0.083
3.465	-0.096
3.467	-0.106
3.468	-0.117
3.470	-0.130
3.471	-0.142
3.473	-0.158
3.474	-0.173
3.476	-0.190
3.477	-0.205
3.479	-0.225
3.480	-0.229
3.482	-0.265
3.483	-0.280
3.485	-0.309
3.486	-0.342
3.488	-0.368
3.489	-0.405
3.491	-0.452
3.492	-0.505
3.494	-0.572
3.495	-0.677
3.497	-0.847
3.498	-1.581
3.500	-0.861
3.502	-0.694
3.503	-0.586
3.505	-0.503
3.506	-0.454
3.508	-0.412
3.509	-0.367
3.511	-0.340
3.512	-0.311
3.514	-0.281
3.515	-0.263
3.517	-0.240
3.518	-0.217
3.520	-0.201
3.521	-0.181
3.523	-0.157
3.524	-0.136
3.526	-0.136
3.527	-0.121
3.529	-0.108
3.530	-0.096
3.532	-0.084
3.533	-0.072
3.535	-0.062
3.536	-0.050
3.538	-0.038
3.539	-0.031
3.541	-0.020
3.542	-0.014
3.544	-0.004
3.545	-0.007
3.547	-0.035
3.548	-0.058
3.550	-0.084
3.551	-0.125
3.553	-0.187
3.554	-0.327
3.556	-0.293
3.557	-0.169
3.559	-0.119
3.560	-0.077
3.562	-0.044
3.563	-0.015
3.565	0.002
3.566	-0.065
3.568	-0.049
3.569	-0.019
3.571	0.012
3.572	0.053
3.574	0.061
3.575	0.089
3.577	0.086
3.578	0.082
3.580	0.084
3.581	0.107
3.583	-0.027
3.584	0.107
3.586	0.116
3.587	0.142
3.589	0.141
3.590	0.124
3.592	0.154
3.593	0.172
3.595	0.179
3.596	0.179
3.598	0.156
3.599	0.173
3.601	0.071
3.602	0.186
3.604	0.199
3.605	0.148
3.607	0.052
3.608	0.184
3.610	0.187
3.611	0.200
3.613	0.204
3.614	0.191
3.616	0.193
3.617	0.203
3.619	0.213
3.620	0.221
3.622	0.225
3.623	0.227
3.625	0.186
3.626	0.180
3.628	-0.538
3.629	-0.070
3.631	-0.024
3.632	-0.000
3.634	0.061
3.635	0.161
3.637	0.211
3.638	-0.010
3.640	0.233
3.641	0.240
3.643	0.242
3.644	0.248
3.646	0.234
3.647	0.034
3.649	0.228
3.650	0.263
3.652	0.252
3.653	0.271
3.655	0.287
3.656	0.272
3.658	0.282
3.659	0.277
3.661	0.280
3.662	-0.086
3.664	0.269
3.665	0.285
3.667	0.297
3.668	0.297
3.670	0.300
3.671	0.311
3.673	0.312
3.674	0.294
3.676	0.324
3.677	0.326
3.679	0.347
3.680	0.344
3.682	0.338
3.683	0.348
3.685	0.353
3.686	0.353
3.688	0.324
3.689	0.345
3.691	0.344
3.692	0.351
3.694	0.341
3.695	0.341
3.697	0.359
3.698	0.354
3.700	0.360
3.701	0.342
3.703	0.073
3.704	0.338
3.706	0.349
3.707	0.356
3.709	0.359
3.710	0.362
3.712	0.351
3.713	0.369
3.715	0.371
3.716	0.359
3.718	0.353
3.719	0.354
3.721	0.371
3.722	0.377
3.724	0.369
3.725	0.388
3.727	0.380
3.728	0.376
3.730	0.382
3.731	0.367
3.733	0.381
3.734	0.365
3.736	0.379
3.737	0.367
3.739	-0.398
3.740	-0.070
3.742	-0.154
3.743	0.014
3.745	0.178
3.746	0.282
3.748	0.338
3.749	0.340
3.751	0.331
3.752	0.356
3.754	0.374
3.755	0.394
3.757	0.405
3.758	0.383
3.760	0.386
3.761	0.046
3.763	0.371
3.764	0.386
3.766	0.408
3.767	0.376
3.769	0.394
3.770	0.407
3.772	0.409
3.773	0.391
3.775	0.084
3.776	0.383
3.778	0.378
3.779	0.393
3.781	0.398
3.782	0.412
3.784	0.427
3.785	0.424
3.787	0.393
3.788	0.427
3.790	0.424
3.791	0.445
3.793	0.427
3.794	0.423
3.796	0.426
3.797	0.432
3.799	0.443
3.800	0.430
3.802	0.413
3.803	0.414
3.805	0.408
3.806	0.451
3.808	0.433
3.809	0.412
3.811	0.431
3.812	0.434
3.814	0.440
3.815	0.440
3.817	0.443
3.818	0.418
3.820	0.425
3.821	0.409
3.823	0.416
3.824	0.405
3.826	0.404
3.827	0.320
3.829	-0.104
3.830	-0.360
3.832	-1.648
3.833	-0.497
3.835	-0.324
3.836	-0.197
3.838	-0.128
3.839	-0.045
3.841	-0.017
3.842	-0.045
3.844	-0.231
3.845	-0.229
3.847	-0.046
3.848	-0.416
3.850	0.092
3.851	0.118
3.853	0.138
3.854	0.160
3.856	0.191
3.857	0.324
3.859	0.375
3.860	0.399
3.862	0.400
3.863	0.420
3.865	0.436
3.866	0.417
3.868	0.437
3.869	0.439
3.871	0.420
3.872	0.441
3.874	0.439
3.875	0.453
3.877	0.469
3.878	0.490
3.880	0.458
3.881	0.482
3.883	0.496
3.884	0.466
3.886	0.474
3.887	0.473
3.889	0.491
3.890	0.514
3.892	0.493
3.893	0.499
3.895	0.508
3.896	0.501
3.898	0.503
3.899	0.494
3.901	0.472
3.902	0.506
3.904	0.485
3.905	0.457
3.907	0.371
3.908	0.496
3.910	0.494
3.911	0.497
3.913	0.487
3.914	0.508
3.916	0.512
3.917	0.541
3.919	0.506
3.920	0.532
3.922	0.532
3.923	0.512
3.925	0.522
3.926	0.544
3.928	0.534
3.929	0.571
3.931	0.543
3.932	0.543
3.934	0.568
3.935	0.553
3.937	0.546
3.938	0.560
3.940	0.560
3.941	0.562
3.943	0.567
3.944	0.572
3.946	0.567
3.947	0.601
3.949	0.588
3.950	0.579
3.952	0.569
3.953	0.595
3.955	0.571
3.956	0.597
3.958	0.590
3.959	0.565
3.961	-0.186
3.962	0.540
3.964	0.580
3.965	0.585
3.967	0.583
3.968	0.586
3.970	0.617
3.971	0.601
3.973	0.594
3.974	0.599
3.976	0.615
3.977	0.618
3.979	0.617
3.980	0.616
3.982	0.629
3.983	0.610
3.985	0.618
3.986	0.628
3.988	0.638
3.989	0.626
3.991	0.627
3.992	0.633
3.994	0.655
3.995	0.662
3.997	0.669
3.998	0.672
4.000	0.696
