   1.00000000000000e+00
   1.06149466304757e+00
   1.12165225708155e+00
   1.18049344631347e+00
   1.23803861464911e+00
   1.29430786923556e+00
   1.34932104396523e+00
   1.40309770293744e+00
   1.45565714387802e+00
   1.50701840151742e+00
   1.55720025092780e+00
   1.60622121081962e+00
   1.65409954679826e+00
   1.70085327458095e+00
   1.74650016317474e+00
   1.79105773801568e+00
   1.83454328406999e+00
   1.87697384889736e+00
   1.91836624567704e+00
   1.95873705619704e+00
   1.99810263380696e+00
   2.03647910633483e+00
   2.07388237896835e+00
   2.11032813710106e+00
   2.14583184914375e+00
   2.18040876930157e+00
   2.21407394031723e+00
   2.24684219618069e+00
   2.27872816480580e+00
   2.30974627067411e+00
   2.33991073744651e+00
   2.36923559054273e+00
   2.39773465968947e+00
   2.42542158143720e+00
   2.45230980164621e+00
   2.47841257794212e+00
   2.50374298214144e+00
   2.52831390264721e+00
   2.55213804681538e+00
   2.57522794329212e+00
   2.59759594432243e+00
   2.61925422803035e+00
   2.64021480067127e+00
   2.66048949885643e+00
   2.68008999175014e+00
   2.69902778323998e+00
   2.71731421408020e+00
   2.73496046400886e+00
   2.75197755383880e+00
   2.76837634752284e+00
   2.78416755419362e+00
   2.79936173017814e+00
   2.81396928098759e+00
   2.82800046328248e+00
   2.84146538681362e+00
   2.85437401633905e+00
   2.86673617351731e+00
   2.87856153877728e+00
   2.88985965316489e+00
   2.90063992016700e+00
   2.91091160751268e+00
   2.92068384895218e+00
   2.92996564601383e+00
   2.93876586973922e+00
   2.94709326239680e+00
   2.95495643917422e+00
   2.96236388984971e+00
   2.96932398044265e+00
   2.97584495484365e+00
   2.98193493642435e+00
   2.98760192962722e+00
   2.99285382153557e+00
   2.99769838342402e+00
   3.00214327228963e+00
   3.00619603236398e+00
   3.00986409660642e+00
   3.01315478817862e+00
   3.01607532190080e+00
   3.01863280568974e+00
   3.02083424197884e+00
   3.02268652912042e+00
   3.02419646277049e+00
   3.02537073725624e+00
   3.02621594692635e+00
   3.02673858748444e+00
   3.02694505730578e+00
   3.02684165873755e+00
   3.02643459938274e+00
   3.02572999336799e+00
   3.02473386259545e+00
   3.02345213797901e+00
   3.02189066066489e+00
   3.02005518323701e+00
   3.01795137090708e+00
   3.01558480268979e+00
   3.01296097256316e+00
   3.01008529061432e+00
   3.00696308417079e+00
   3.00359959891756e+00
   3.00000000000000e+00
