   1.00000000000000e+00
   1.08149561945033e+00
   1.14125208452989e+00
   1.19969814231953e+00
   1.25685409732283e+00
   1.31273997826674e+00
   1.36737554159397e+00
   1.42078027491308e+00
   1.47297340040673e+00
   1.52397387819854e+00
   1.57380040967914e+00
   1.62247144079178e+00
   1.67000516527804e+00
   1.71641952788415e+00
   1.76173222752824e+00
   1.80596072042920e+00
   1.84912222319735e+00
   1.89123371588759e+00
   1.93231194501536e+00
   1.97237342653581e+00
   2.01143444878681e+00
   2.04951107539595e+00
   2.08661914815215e+00
   2.12277428984231e+00
   2.15799190705322e+00
   2.19228719293941e+00
   2.22567512995707e+00
   2.25817049256468e+00
   2.28978784989059e+00
   2.32054156836797e+00
   2.35044581433759e+00
   2.37951455661868e+00
   2.40776156904844e+00
   2.43520043299030e+00
   2.46184453981161e+00
   2.48770709333086e+00
   2.51280111223494e+00
   2.53713943246677e+00
   2.56073470958361e+00
   2.58359942108645e+00
   2.60574586872073e+00
   2.62718618074892e+00
   2.64793231419505e+00
   2.66799605706174e+00
   2.68738903051988e+00
   2.70612269107142e+00
   2.72420833268557e+00
   2.74165708890857e+00
   2.75847993494763e+00
   2.77468768972904e+00
   2.79029101793101e+00
   2.80530043199138e+00
   2.81972629409054e+00
   2.83357881810993e+00
   2.84686807156629e+00
   2.85960397752205e+00
   2.87179631647208e+00
   2.88345472820710e+00
   2.89458871365407e+00
   2.90520763669374e+00
   2.91532072595579e+00
   2.92493707659159e+00
   2.93406565202512e+00
   2.94271528568209e+00
   2.95089468269768e+00
   2.95861242160298e+00
   2.96587695599062e+00
   2.97269661615960e+00
   2.97907961073973e+00
   2.98503402829586e+00
   2.99056783891215e+00
   2.99568889575663e+00
   3.00040493662626e+00
   3.00472358547278e+00
   3.00865235390949e+00
   3.01219864269929e+00
   3.01536974322414e+00
   3.01817283893615e+00
   3.02061500679058e+00
   3.02270321866098e+00
   3.02444434273653e+00
   3.02584514490201e+00
   3.02691229010045e+00
   3.02765234367875e+00
   3.02807177271643e+00
   3.02817694733772e+00
   3.02797414200726e+00
   3.02746953680947e+00
   3.02666921871191e+00
   3.02557918281280e+00
   3.02420533357280e+00
   3.02255348603138e+00
   3.02062936700786e+00
   3.01843861628733e+00
   3.01598678779169e+00
   3.01327935073588e+00
   3.01032169076960e+00
   3.00711911110458e+00
   3.00367683362771e+00
   3.00000000000000e+00
