
1911.537 3.5
1911.622 4
1911.704 4
1911.789 2.6
1911.871 4.2
1911.956 2.2
1912.041 0.3
1912.123 0
1912.205 4.9
1912.287 4.5
1912.372 4.4
1912.454 4.1
1912.539 3
1912.624 0.3
1912.706 9.5
1912.791 4.6
1912.873 1.1
1912.958 6.4
1913.043 2.3
1913.123 2.9
1913.205 0.5
1913.287 0.9
1913.372 0
1913.454 0
1913.539 1.7
1913.624 0.2
1913.706 1.2
1913.791 3.1
1913.873 0.7
1913.958 3.8
1914.042 2.8
1914.122 2.6
1914.204 3.1
1914.286 17.3
1914.371 5.2
1914.453 11.4
1914.538 5.4
1914.623 7.7
1914.705 12.7
1914.79 8.2
1914.872 16.4
1914.957 22.3
1915.042 23
1915.121 42.3
1915.203 38.8
1915.285 41.3
1915.37 33
1915.452 68.8
1915.537 71.6
1915.622 69.6
1915.704 49.5
1915.789 53.5
1915.871 42.5
1915.956 34.5
1916.041 45.3
1916.123 55.4
1916.205 67
1916.287 71.8
1916.372 74.5
1916.454 67.7
1916.539 53.5
1916.624 35.2
1916.706 45.1
1916.791 50.7
1916.873 65.6
