
1879.044 1
1879.124 0.6
1879.206 0
1879.288 6.2
1879.373 2.4
1879.455 4.8
1879.54 7.5
1879.625 10.7
1879.707 6.1
1879.792 12.3
1879.874 13.1
1879.959 7.3
1880.044 24
1880.126 27.2
1880.208 19.3
1880.29 19.5
1880.375 23.5
1880.457 34.1
1880.542 21.9
1880.627 48.1
1880.709 66
1880.794 43
1880.876 30.7
1880.961 29.6
1881.046 36.4
1881.125 53.2
1881.207 51.5
1881.29 51.6
1881.374 43.5
1881.457 60.5
1881.541 76.9
1881.626 58.4
1881.708 53.2
1881.793 64.4
1881.875 54.8
1881.96 47.3
1882.045 45
1882.125 69.5
1882.207 66.8
1882.289 95.8
1882.374 64.1
1882.456 45.2
1882.541 45.4
1882.626 40.4
1882.708 57.7
1882.793 59.2
1882.875 84.4
1882.96 41.8
1883.044 60.6
1883.124 46.9
1883.206 42.8
1883.288 82.1
1883.373 31.5
1883.455 76.3
1883.54 80.6
1883.625 46
1883.707 52.6
1883.792 83.8
1883.874 84.5
1883.959 75.9
1884.044 91.5
1884.126 86.9
1884.208 87.5
1884.29 76.1
1884.375 66.5
