
1803.206 29.5
1803.288 25
1803.373 44.3
1803.455 36
1803.54 48.3
1803.625 34.1
1803.707 45.3
1803.792 54.3
1803.874 51
1803.959 48
1804.044 45.3
1804.126 48.3
1804.208 48
1804.29 50.6
1804.375 33.4
1804.457 34.8
1804.542 29.8
1804.627 43.1
1804.709 53
1804.794 62.3
1804.876 61
1804.961 60
1805.046 61
1805.125 44.1
1805.207 51.4
1805.29 37.5
1805.374 39
1805.457 40.5
1805.541 37.6
1805.626 42.7
1805.708 44.4
1805.793 29.4
1805.875 41
1805.96 38.3
1806.045 39
1806.125 29.6
1806.207 32.7
1806.289 27.7
1806.374 26.4
1806.456 25.6
1806.541 30
1806.626 26.3
1806.708 24
1806.793 27
1806.875 25
1806.96 24
1807.044 12
1807.124 12.2
1807.206 9.6
1807.288 23.8
1807.373 10
1807.455 12
1807.54 12.7
1807.625 12
1807.707 5.7
1807.792 8
1807.874 2.6
1807.959 0
1808.044 0
1808.126 4.5
1808.208 0
1808.29 12.3
1808.375 13.5
1808.457 13.5
1808.542 6.7
