
1781.544 73.5
1781.629 66
1781.711 51
1781.796 27.3
1781.878 67
1781.963 35.2
1782.048 54
1782.127 37.5
1782.209 37
1782.292 41
1782.376 54.3
1782.459 38
1782.543 37
1782.628 44
1782.71 34
1782.795 23.2
1782.877 31.5
1782.962 30
1783.047 28
1783.127 38.7
1783.209 26.7
1783.291 28.3
1783.376 23
1783.458 25.2
1783.543 32.2
1783.628 20
1783.71 18
1783.795 8
1783.877 15
1783.962 10.5
1784.047 13
1784.129 8
1784.211 11
1784.293 10
1784.378 6
1784.46 9
1784.545 6
1784.63 10
1784.712 10
1784.797 8
1784.879 17
1784.964 14
1785.049 6.5
1785.128 8
1785.21 9
1785.292 15.7
1785.377 20.7
1785.459 26.3
1785.544 36.3
1785.629 20
1785.711 32
1785.796 47.2
1785.878 40.2
1785.963 27.3
1786.048 37.2
1786.127 47.6
1786.209 47.7
1786.292 85.4
1786.376 92.3
1786.459 59
1786.543 83
1786.628 89.7
1786.71 111.5
1786.795 112.3
1786.877 116
