
1808.627 8
1808.709 11.7
1808.794 4.7
1808.876 10.5
1808.961 12.3
1809.046 7.2
1809.125 9.2
1809.207 0.9
1809.29 2.5
1809.374 2
1809.457 7.7
1809.541 0.3
1809.626 0.2
1809.708 0.4
1809.793 0
1809.875 0
1809.96 0
1810.045 0
1810.125 0
1810.207 0
1810.289 0
1810.374 0
1810.456 0
1810.541 0
1810.626 0
1810.708 0
1810.793 0
1810.875 0
1810.96 0
1811.044 0
1811.124 0
1811.206 0
1811.288 0
1811.373 0
1811.455 0
1811.54 6.6
1811.625 0
1811.707 2.4
1811.792 6.1
1811.874 0.8
1811.959 1.1
1812.044 11.3
1812.126 1.9
1812.208 0.7
1812.29 0
1812.375 1
1812.457 1.3
1812.542 0.5
1812.627 15.6
1812.709 5.2
1812.794 3.9
1812.876 7.9
1812.961 10.1
1813.046 0
1813.125 10.3
1813.207 1.9
1813.29 16.6
1813.374 5.5
1813.457 11.2
1813.541 18.3
1813.626 8.4
1813.708 15.3
1813.793 27.8
1813.875 16.7
1813.96 14.3
