
1868.208 26.5
1868.29 36.6
1868.375 26.7
1868.457 31.1
1868.542 29
1868.627 34.4
1868.709 47.2
1868.794 61.6
1868.876 59.1
1868.961 67.6
1869.046 60.9
1869.125 59.9
1869.207 52.7
1869.29 41
1869.374 103.9
1869.457 108.4
1869.541 59.2
1869.626 79.6
1869.708 80.6
1869.793 59.3
1869.875 78.1
1869.96 104.3
1870.045 77.3
1870.125 114.9
1870.207 157.6
1870.289 160
1870.374 176
1870.456 135.6
1870.541 132.4
1870.626 153.8
1870.708 136
1870.793 146.4
1870.875 147.5
1870.96 130
1871.044 88.3
1871.124 125.3
1871.206 143.2
1871.288 162.4
1871.373 145.5
1871.455 91.7
1871.54 103
1871.625 110.1
1871.707 80.3
1871.792 89
1871.874 105.4
1871.959 90.4
1872.044 79.5
1872.126 120.1
1872.208 88.4
1872.29 102.1
1872.375 107.6
1872.457 109.9
1872.542 105.5
1872.627 92.9
1872.709 114.6
1872.794 102.6
1872.876 112
1872.961 83.9
1873.046 86.7
1873.125 107
1873.207 98.3
1873.29 76.2
1873.374 47.9
1873.457 44.8
1873.541 66.9
