
1765.292 22
1765.377 20.2
1765.459 20
1765.544 27
1765.629 29.7
1765.711 16
1765.796 14
1765.878 14
1765.963 13
1766.048 12
1766.127 11
1766.209 36.6
1766.292 6
1766.376 26.8
1766.459 3
1766.543 3.3
1766.628 4
1766.71 4.3
1766.795 5
1766.877 5.7
1766.962 19.2
1767.047 27.4
1767.127 30
1767.209 43
1767.291 32.9
1767.376 29.8
1767.458 33.3
1767.543 21.9
1767.628 40.8
1767.71 42.7
1767.795 44.1
1767.877 54.7
1767.962 53.3
1768.047 53.5
1768.129 66.1
1768.211 46.3
1768.293 42.7
1768.378 77.7
1768.46 77.4
1768.545 52.6
1768.63 66.8
1768.712 74.8
1768.797 77.8
1768.879 90.6
1768.964 111.8
1769.049 73.9
1769.128 64.2
1769.21 64.3
1769.292 96.7
1769.377 73.6
1769.459 94.4
1769.544 118.6
1769.629 120.3
1769.711 148.8
1769.796 158.2
1769.878 148.1
1769.963 112
1770.048 104
1770.127 142.5
1770.209 80.1
1770.292 51
1770.376 70.1
1770.459 83.3
1770.543 109.8
1770.628 126.3
