
1949.454 121.7
1949.539 125.8
1949.624 123.8
1949.706 145.3
1949.791 131.6
1949.873 143.5
1949.958 117.6
1950.042 101.6
1950.122 94.8
1950.204 109.7
1950.286 113.4
1950.371 106.2
1950.453 83.6
1950.538 91
1950.623 85.2
1950.705 51.3
1950.79 61.4
1950.872 54.8
1950.957 54.1
1951.042 59.9
1951.121 59.9
1951.203 55.9
1951.285 92.9
1951.37 108.5
1951.452 100.6
1951.537 61.5
1951.622 61
1951.704 83.1
1951.789 51.6
1951.871 52.4
1951.956 45.8
1952.041 40.7
1952.123 22.7
1952.205 22
1952.287 29.1
1952.372 23.4
1952.454 36.4
1952.539 39.3
1952.624 54.9
1952.706 28.2
1952.791 23.8
1952.873 22.1
1952.958 34.3
1953.043 26.5
1953.123 3.9
1953.205 10
1953.287 27.8
1953.372 12.5
1953.454 21.8
1953.539 8.6
1953.624 23.5
1953.706 19.3
1953.791 8.2
1953.873 1.6
1953.958 2.5
1954.042 0.2
1954.122 0.5
1954.204 10.9
1954.286 1.8
1954.371 0.8
1954.453 0.2
1954.538 4.8
1954.623 8.4
1954.705 1.5
1954.79 7
