
1976.539 1.9
1976.624 16.4
1976.706 13.5
1976.791 20.6
1976.873 5.2
1976.958 15.3
1977.043 16.4
1977.123 23.1
1977.205 8.7
1977.287 12.9
1977.372 18.6
1977.454 38.5
1977.539 21.4
1977.624 30.1
1977.706 44
1977.791 43.8
1977.873 29.1
1977.958 43.2
1978.042 51.9
1978.122 93.6
1978.204 76.5
1978.286 99.7
1978.371 82.7
1978.453 95.1
1978.538 70.4
1978.623 58.1
1978.705 138.2
1978.79 125.1
1978.872 97.9
1978.957 122.7
1979.042 166.6
1979.121 137.5
1979.203 138
1979.285 101.5
1979.37 134.4
1979.452 149.5
1979.537 159.4
1979.622 142.2
1979.704 188.4
1979.789 186.2
1979.871 183.3
1979.956 176.3
1980.041 159.6
1980.123 155
1980.205 126.2
1980.287 164.1
1980.372 179.9
1980.454 157.3
1980.539 136.3
1980.624 135.4
1980.706 155
1980.791 164.7
1980.873 147.9
1980.958 174.4
1981.043 114
1981.123 141.3
1981.205 135.5
1981.287 156.4
1981.372 127.5
1981.454 90.9
1981.539 143.8
1981.624 158.7
1981.706 167.3
1981.791 162.4
1981.873 137.5
