
1759.877 46.3
1759.962 57
1760.047 67.3
1760.129 59.5
1760.211 74.7
1760.293 58.3
1760.378 72
1760.46 48.3
1760.545 66
1760.63 75.6
1760.712 61.3
1760.797 50.6
1760.879 59.7
1760.964 61
1761.049 70
1761.128 91
1761.21 80.7
1761.292 71.7
1761.377 107.2
1761.459 99.3
1761.544 94.1
1761.629 91.1
1761.711 100.7
1761.796 88.7
1761.878 89.7
1761.963 46
1762.048 43.8
1762.127 72.8
1762.209 45.7
1762.292 60.2
1762.376 39.9
1762.459 77.1
1762.543 33.8
1762.628 67.7
1762.71 68.5
1762.795 69.3
1762.877 77.8
1762.962 77.2
1763.047 56.5
1763.127 31.9
1763.209 34.2
1763.291 32.9
1763.376 32.7
1763.458 35.8
1763.543 54.2
1763.628 26.5
1763.71 68.1
1763.795 46.3
1763.877 60.9
1763.962 61.4
1764.047 59.7
1764.129 59.7
1764.211 40.2
1764.293 34.4
1764.378 44.3
1764.46 30
1764.545 30
1764.63 30
1764.712 28.2
1764.797 28
1764.879 26
1764.964 25.7
1765.049 24
1765.128 26
1765.21 25
