
1770.71 104.4
1770.795 103.6
1770.877 132.2
1770.962 102.3
1771.047 36
1771.127 46.2
1771.209 46.7
1771.291 64.9
1771.376 152.7
1771.458 119.5
1771.543 67.7
1771.628 58.5
1771.71 101.4
1771.795 90
1771.877 99.7
1771.962 95.7
1772.047 100.9
1772.129 90.8
1772.211 31.1
1772.293 92.2
1772.378 38
1772.46 57
1772.545 77.3
1772.63 56.2
1772.712 50.5
1772.797 78.6
1772.879 61.3
1772.964 64
1773.049 54.6
1773.128 29
1773.21 51.2
1773.292 32.9
1773.377 41.1
1773.459 28.4
1773.544 27.7
1773.629 12.7
1773.711 29.3
1773.796 26.3
1773.878 40.9
1773.963 43.2
1774.048 46.8
1774.127 65.4
1774.209 55.7
1774.292 43.8
1774.376 51.3
1774.459 28.5
1774.543 17.5
1774.628 6.6
1774.71 7.9
1774.795 14
1774.877 17.7
1774.962 12.2
1775.047 4.4
1775.127 0
1775.209 11.6
1775.291 11.2
1775.376 3.9
1775.458 12.3
1775.543 1
1775.628 7.9
1775.71 3.2
1775.795 5.6
1775.877 15.1
1775.962 7.9
1776.047 21.7
