
1873.626 68.2
1873.708 47.1
1873.793 47.1
1873.875 55.4
1873.96 49.2
1874.045 60.8
1874.125 64.2
1874.207 46.4
1874.289 32
1874.374 44.6
1874.456 38.2
1874.541 67.8
1874.626 61.3
1874.708 28
1874.793 34.3
1874.875 28.9
1874.96 29.3
1875.044 14.6
1875.124 21.5
1875.206 33.8
1875.288 29.1
1875.373 11.5
1875.455 23.9
1875.54 12.5
1875.625 14.6
1875.707 2.4
1875.792 12.7
1875.874 17.7
1875.959 9.9
1876.044 14.3
1876.126 15
1876.208 30.6
1876.29 2.3
1876.375 5.1
1876.457 1.6
1876.542 15.2
1876.627 8.8
1876.709 9.9
1876.794 14.3
1876.876 9.9
1876.961 8.2
1877.046 24.4
1877.125 8.7
1877.207 11.9
1877.29 15.8
1877.374 21.6
1877.457 14.2
1877.541 6
1877.626 6.3
1877.708 16.9
1877.793 6.7
1877.875 14.2
1877.96 2.2
1878.045 3.3
1878.125 6.6
1878.207 7.8
1878.289 0.1
1878.374 5.9
1878.456 6.4
1878.541 0.1
1878.626 0
1878.708 5.3
1878.793 1.1
1878.875 4.1
1878.96 0.5
