
1862.793 41.9
1862.875 50.6
1862.96 40.9
1863.044 48.3
1863.124 56.7
1863.206 66.4
1863.288 40.6
1863.373 53.8
1863.455 40.8
1863.54 32.7
1863.625 48.1
1863.707 22
1863.792 39.9
1863.874 37.7
1863.959 41.2
1864.044 57.7
1864.126 47.1
1864.208 66.3
1864.29 35.8
1864.375 40.6
1864.457 57.8
1864.542 54.7
1864.627 54.8
1864.709 28.5
1864.794 33.9
1864.876 57.6
1864.961 28.6
1865.046 48.7
1865.125 39.3
1865.207 39.5
1865.29 29.4
1865.374 34.5
1865.457 33.6
1865.541 26.8
1865.626 37.8
1865.708 21.6
1865.793 17.1
1865.875 24.6
1865.96 12.8
1866.045 31.6
1866.125 38.4
1866.207 24.6
1866.289 17.6
1866.374 12.9
1866.456 16.5
1866.541 9.3
1866.626 12.7
1866.708 7.3
1866.793 14.1
1866.875 9
1866.96 1.5
1867.044 0
1867.124 0.7
1867.206 9.2
1867.288 5.1
1867.373 2.9
1867.455 1.5
1867.54 5
1867.625 4.8
1867.707 9.8
1867.792 13.5
1867.874 9.6
1867.959 25.2
1868.044 15.6
1868.126 15.7
