
1981.958 150.1
1982.042 111.2
1982.122 163.6
1982.204 153.8
1982.286 122
1982.371 82.2
1982.453 110.4
1982.538 106.1
1982.623 107.6
1982.705 118.8
1982.79 94.7
1982.872 98.1
1982.957 127
1983.042 84.3
1983.121 51
1983.203 66.5
1983.285 80.7
1983.37 99.2
1983.452 91.1
1983.537 82.2
1983.622 71.8
1983.704 50.3
1983.789 55.8
1983.871 33.3
1983.956 33.4
1984.041 57
1984.123 85.4
1984.205 83.5
1984.287 69.7
1984.372 76.4
1984.454 46.1
1984.539 37.4
1984.624 25.5
1984.706 15.7
1984.791 12
1984.873 22.8
1984.958 18.7
1985.043 16.5
1985.123 15.9
1985.205 17.2
1985.287 16.2
1985.372 27.5
1985.454 24.2
1985.539 30.7
1985.624 11.1
1985.706 3.9
1985.791 18.6
1985.873 16.2
1985.958 17.3
1986.042 2.5
1986.122 23.2
1986.204 15.1
1986.286 18.5
1986.371 13.7
1986.453 1.1
1986.538 18.1
1986.623 7.4
1986.705 3.8
1986.79 35.4
1986.872 15.2
1986.957 6.8
1987.042 10.4
1987.121 2.4
1987.203 14.7
1987.285 39.6
