
1830.289 106.3
1830.374 66.3
1830.456 65.1
1830.541 43.9
1830.626 50.7
1830.708 62.1
1830.793 84.4
1830.875 81.2
1830.96 82.1
1831.044 47.5
1831.124 50.1
1831.206 93.4
1831.288 54.5
1831.373 38.1
1831.455 33.4
1831.54 45.2
1831.625 55
1831.707 37.9
1831.792 46.3
1831.874 43.5
1831.959 28.9
1832.044 30.9
1832.126 55.6
1832.208 55.1
1832.29 26.9
1832.375 41.3
1832.457 26.7
1832.542 14
1832.627 8.9
1832.709 8.2
1832.794 21.1
1832.876 14.3
1832.961 27.5
1833.046 11.3
1833.125 14.9
1833.207 11.8
1833.29 2.8
1833.374 12.9
1833.457 1
1833.541 7
1833.626 5.7
1833.708 11.6
1833.793 7.5
1833.875 5.9
1833.96 9.9
1834.045 4.9
1834.125 18.1
1834.207 3.9
1834.289 1.4
1834.374 8.8
1834.456 7.8
1834.541 8.7
1834.626 4
1834.708 11.5
1834.793 24.8
1834.875 30.5
1834.96 34.5
1835.044 7.5
1835.124 24.5
1835.206 19.7
1835.288 61.5
1835.373 43.6
1835.455 33.2
1835.54 59.8
1835.625 59
