
1927.789 63.1
1927.871 67.2
1927.956 45.2
1928.041 83.5
1928.123 73.5
1928.205 85.4
1928.287 80.6
1928.372 77
1928.454 91.4
1928.539 98
1928.624 83.8
1928.706 89.7
1928.791 61.4
1928.873 50.3
1928.958 59
1929.043 68.9
1929.123 62.8
1929.205 50.2
1929.287 52.8
1929.372 58.2
1929.454 71.9
1929.539 70.2
1929.624 65.8
1929.706 34.4
1929.791 54
1929.873 81.1
1929.958 108
1930.042 65.3
1930.122 49.9
1930.204 35
1930.286 38.2
1930.371 36.8
1930.453 28.8
1930.538 21.9
1930.623 24.9
1930.705 32.1
1930.79 34.4
1930.872 35.6
1930.957 25.8
1931.042 14.6
1931.121 43.1
1931.203 30
1931.285 31.2
1931.37 24.6
1931.452 15.3
1931.537 17.4
1931.622 13
1931.704 19
1931.789 10
1931.871 18.7
1931.956 17.8
1932.041 12.1
1932.123 10.6
1932.205 11.2
1932.287 11.2
1932.372 17.9
1932.454 22.2
1932.539 9.6
1932.624 6.8
1932.706 4
1932.791 8.9
1932.873 8.2
1932.958 11
1933.043 12.3
1933.123 22.2
