-1.330
-0.891
 1.368
 2.384
-0.054
-0.985
-0.102
-0.294
-1.864
-0.547
 0.694
-0.373
 0.100
-0.472
 0.500
-0.283
 1.344
-0.116
-0.936
 0.356
 0.916
 0.565
-0.300
 1.801
-0.005
 0.300
 0.924
 0.084
-0.574
 1.059
 1.054
-2.070
 1.824
-3.681
-0.247
-0.194
-0.990
 0.402
 0.787
-0.271
-0.457
-0.230
-0.361
-0.841
-0.520
-1.829
 1.035
-0.605
 0.394
-0.153
-1.078
-1.357
-1.576
 0.987
 1.554
 0.189
 0.661
 1.358
 1.351
-0.735
-0.972
 0.357
-1.002
-0.625
-0.685
 1.294
-1.146
 1.026
 0.362
 1.115
 0.796
 0.254
 1.576
-0.160
-0.370
-1.008
 1.573
-1.081
-0.318
-0.350
 0.075
 0.251
-0.225
 0.603
-1.342
-0.842
-0.767
-0.056
 0.176
-0.445
-1.611
-0.326
-1.385
 1.377
 0.149
-0.424
 0.220
 1.227
-0.377
 0.295
 0.443
-0.117
-1.218
-0.374
 1.522
 0.445
-0.434
-0.260
 0.435
-1.621
 0.201
-0.674
-0.004
 1.629
-0.881
 1.097
 0.526
 0.054
-0.049
 0.278
 0.791
-0.681
-0.437
-1.290
-1.539
-1.256
 0.398
-1.663
 0.574
-0.416
-1.204
 0.136
-0.036
-1.086
 0.573
-0.846
-1.216
-0.354
 0.126
 0.478
-0.489
-0.101
-1.171
-1.647
 0.083
-1.476
-0.566
 0.084
-2.516
-0.002
-0.945
 0.124
 0.785
 0.185
-1.695
 0.006
-0.467
 0.041
 1.894
 1.791
-0.163
 1.387
-0.374
 0.443
-0.194
 0.216
 0.037
 0.914
-1.130
-0.938
-0.686
 1.258
 1.381
 2.630
-0.673
-0.616
 0.228
-0.240
-0.312
-2.343
-0.690
 0.602
-0.337
-0.344
 1.903
-0.035
-0.641
-0.940
 0.411
-1.746
 0.006
 0.538
 0.181
 1.107
-1.146
 1.037
-0.893
-0.475
-1.966
 2.086
-0.442
-0.991
-0.302
 0.964
 0.395
-1.634
-0.228
 0.523
-0.538
-1.323
-1.239
 0.921
-1.323
-0.343
 1.103
 0.777
-1.055
 1.538
-1.050
 0.554
 1.549
-0.033
 0.089
-0.502
 0.948
-0.753
-0.710
 0.880
-0.665
-0.643
 0.741
-0.505
-0.297
 0.363
-0.110
 1.187
 1.406
-1.183
 0.866
-0.918
-0.951
-0.906
 0.559
-0.078
-0.214
-0.582
 0.883
 0.480
-0.313
-0.038
-1.350
 0.188
 0.115
 0.187
 0.363
-0.522
 0.703
-0.020
 2.603
 0.573
-0.100
 0.134
-0.879
 0.052
-1.694
 0.102
 0.948
-0.518
 0.338
-0.282
-2.577
 1.110
 0.637
-0.178
 1.169
 0.213
 0.495
 0.262
 0.679
 0.494
-1.128
-0.392
 0.479
-1.300
-0.291
 1.527
-0.177
-0.562
 1.847
-1.054
 0.191
 2.186
-1.365
-0.554
 0.859
-1.861
-0.334
 0.788
 0.931
-1.371
-0.504
-0.357
-1.488
-1.032
 0.443
 0.239
-0.157
 1.313
-0.333
-0.327
 0.769
 0.332
 1.156
 0.434
 0.417
-0.068
 0.595
 0.027
-0.567
 0.062
 0.636
 0.196
 0.959
 0.253
 0.255
-0.699
-0.672
 1.467
-1.126
 0.671
-2.071
 0.043
-0.117
 1.205
 0.162
-0.730
-0.093
 1.018
-0.448
 2.202
-1.534
-0.132
 0.802
 0.216
-1.365
-0.187
 0.455
-0.684
-1.004
 0.371
-0.410
 1.167
-0.797
-0.109
-1.016
-0.600
-0.430
-0.159
-2.021
-0.287
 1.599
-0.481
-2.338
-0.901
-0.874
 1.315
 0.049
-0.347
 1.353
 0.359
 0.296
 1.148
-0.292
 0.586
 0.480
 0.024
 0.770
 0.669
-0.257
-0.242
-0.504
 0.325
 1.146
-1.202
 0.059
-1.635
-0.328
 1.035
 0.403
-1.987
 0.376
 0.462
-0.971
-1.345
-0.258
-0.960
 1.303
-0.416
 1.221
-1.163
 0.394
-0.048
-0.511
-0.203
-0.387
-1.604
-0.738
-1.342
-0.065
-0.950
-0.290
-0.403
 0.238
-0.746
 2.212
-0.202
 1.289
 0.599
-0.826
 0.665
-1.129
 0.688
-1.049
 0.838
 0.436
 0.261
-0.203
 1.432
 0.342
 0.255
-1.698
-1.370
 0.391
 1.062
 1.029
-1.087
 0.076
-0.590
-0.816
-0.145
-0.695
-0.683
 0.648
 0.303
-0.801
 0.455
-0.094
-0.621
-0.214
-1.341
 0.535
 1.984
 1.151
-1.430
 0.192
-1.113
 0.397
-1.936
-0.499
-1.034
-1.547
-0.599
 0.122
-0.672
-0.173
-1.202
 0.564
-1.008
-1.277
 0.394
-1.163
 0.197
-1.054
-0.699
 1.039
 0.162
 1.056
-0.575
 0.591
-0.077
 0.908
-0.720
 1.498
 0.854
-0.038
-0.406
 1.392
 0.451
-0.145
 1.117
 1.117
 0.173
 0.355
 0.579
 0.169
 0.230
 0.156
-1.420
-0.498
-0.510
 0.322
-1.746
-0.224
 0.589
 0.683
 1.258
 0.264
 0.939
-1.224
 2.292
 1.103
-0.543
 0.650
 0.813
 0.520
-1.129
 1.951
 0.417
-0.324
 1.189
-1.687
-0.501
 0.284
-1.321
 0.253
-0.418
 0.292
 1.519
-0.420
 0.488
-0.345
 1.614
 2.445
 0.532
-0.210
-1.756
 1.883
-0.600
-1.769
 0.024
 1.660
-0.399
-0.478
 1.799
-0.034
-0.579
 0.162
-1.808
-0.388
-0.727
-1.390
-0.141
 1.719
-0.333
 0.345
-0.301
 0.850
 0.862
-0.132
 1.219
 0.162
 1.027
 0.674
 1.348
-1.531
 0.364
 1.601
-0.549
 0.286
 1.621
-1.096
-0.188
 1.478
 0.035
-0.715
 0.334
 0.063
 0.012
-0.513
 1.162
 0.789
-0.343
-2.239
-0.316
-0.175
-1.228
 1.173
 0.449
 1.149
 0.086
 0.561
-0.953
-2.113
 0.147
-0.176
-0.584
-0.389
-0.090
-0.340
 1.946
-0.701
-1.674
-2.376
 1.247
 0.555
 1.655
 0.072
-0.258
-0.579
-0.642
 1.528
-1.152
-1.222
-0.238
-0.994
 1.521
-0.020
 1.045
-1.136
-1.290
-0.332
 1.621
 2.075
-0.740
 0.641
 0.352
 1.191
 1.363
 0.778
-0.440
 1.925
 0.414
-0.862
 2.988
-0.347
-0.378
-0.586
 0.238
-0.059
 0.180
-0.094
 0.119
-0.706
 0.530
-0.860
 0.930
-0.890
 1.600
 0.860
 0.204
-1.666
-0.002
 0.986
 0.823
 0.000
 0.747
-1.292
-0.797
 0.272
-0.192
-1.524
 0.215
 0.715
-0.098
 0.188
-1.545
-0.320
-0.972
-0.120
 0.493
-2.232
-1.114
 1.317
-1.281
 1.952
 0.740
 0.897
 0.738
 1.596
 0.281
 0.275
 1.201
 0.276
 1.846
 0.827
-0.681
-2.012
-0.544
 0.953
-0.307
 1.300
-0.311
 0.899
-0.426
-1.070
-0.228
-0.552
-0.517
-1.093
 0.238
 1.888
-0.780
 0.086
 0.270
 0.956
-0.069
 0.067
 0.228
-0.001
-0.777
 0.714
-0.789
-1.773
 1.201
 0.191
-0.477
-0.723
-0.095
 1.324
 2.377
-0.699
 0.839
 0.192
 0.099
 0.370
 0.862
-1.300
 0.129
 0.459
 0.477
-0.902
-1.129
 0.322
 0.911
-0.133
-0.553
 0.693
 0.807
 0.409
 0.176
 1.459
-1.105
-1.609
-0.869
 0.033
-2.605
 0.225
 1.390
 1.458
-0.136
 0.459
 0.936
-1.365
 1.595
-0.453
-1.078
 0.071
-0.512
-0.923
-0.172
-0.136
 1.753
 0.607
 0.225
-0.712
-0.120
-0.345
-1.912
-1.273
-0.068
-0.415
-0.589
-1.082
-0.394
-1.692
 1.353
-1.204
 0.243
-0.877
 1.035
 1.634
-0.201
-1.200
 1.358
-1.490
 1.582
-0.336
 0.799
-0.566
-1.010
-0.182
-0.397
 1.059
 1.740
-0.354
-1.775
 0.564
 0.590
 0.352
 0.277
-0.067
 0.045
 0.337
-0.673
-0.716
-0.987
 0.677
-1.741
 0.976
-0.423
 0.488
 0.383
 1.229
 1.033
-1.400
-0.759
-1.498
-0.517
-1.343
-0.703
-0.094
 0.631
-0.028
 0.110
 0.140
-1.147
 1.065
-0.284
-1.866
 0.734
-1.159
 1.428
-0.191
 0.623
 0.806
-0.187
 1.150
-2.294
-0.180
 0.681
 0.405
-0.755
-1.544
 2.392
 0.066
-2.045
-0.113
 0.957
 1.209
 0.103
-1.021
-1.845
 0.592
-1.626
 1.160
 0.809
 1.538
-0.348
 0.757
-0.519
-0.318
-0.793
 0.682
-0.276
-0.119
 0.758
 1.583
 2.373
-0.350
 0.679
 0.261
-1.293
 1.212
-0.256
 1.083
-0.453
 0.559
 2.727
-0.265
 2.341
 0.321
 1.076
-0.569
 0.683
 0.921
-0.782
-1.168
-2.437
 2.341
-1.929
-2.234
 0.555
 1.721
-0.099
 0.017
 0.639
-0.437
 1.135
 0.573
-0.691
 0.463
-0.383
 0.028
-1.311
-0.927
 0.063
-1.061
 0.377
-0.197
-2.254
-0.191
-0.890
 0.431
 0.979
-1.267
-0.995
-0.004
-0.201
-0.948
 1.186
-0.068
 0.062
-0.074
 0.359
-2.210
 2.066
-0.114
 0.958
-0.331
-0.850
-2.494
 0.021
 1.685
-1.242
-0.675
 0.394
 1.201
-1.513
-0.404
 0.018
-0.956
 0.434
 0.404
 0.523
-2.257
 0.979
 0.454
 0.708
 0.337
 0.489
 0.747
 0.542
-1.893
-0.871
-1.201
-0.390
-1.958
-0.688
 0.835
-1.599
-1.017
-0.125
-1.153
-0.204
-1.655
-1.533
 0.323
 0.219
 0.875
 2.390
-1.022
-0.552
 1.792
 0.082
 0.717
 2.205
 0.445
-0.207
 1.358
-1.162
 1.025
 0.893
-1.038
-1.583
-0.018
 0.090
-0.152
-1.568
 0.027
 1.397
 1.789
-0.149
-0.874
 0.738
-0.218
-0.112
 1.245
 0.831
 1.796
-0.178
-1.308
 0.471
-0.035
-0.559
-0.475
-2.337
-1.489
 0.618
-1.678
-0.779
-0.116
-0.357
-0.843
-0.924
-0.942
-1.158
-0.857
-0.428
-1.265
 0.581
 0.906
-0.404
-0.732
-0.051
 0.445
 0.824
-1.899
 1.611
 0.138
-1.513
-0.586
-0.473
 0.937
 0.412
-0.528
-0.886
 0.015
-0.717
 0.023
 1.093
-0.276
-0.444
-1.019
-0.398
 1.635
-2.235
-1.410
-1.249
-0.533
 0.051
-0.412
 0.188
-1.075
 0.533
 0.653
-0.725
 2.094
-1.833
 0.609
 0.571
 1.073
 0.334
-0.722
 0.899
-0.947
-1.521
-0.577
-1.767
 1.198
-0.636
-1.301
 1.070
 0.751
 0.862
-1.093
 0.932
-0.389
-1.909
-0.590
 0.294
-0.178
-0.571
-0.997
 0.685
-0.804
 0.118
 0.762
 0.548
 0.345
-1.235
 0.793
 1.601
 0.496
-0.489
-0.856
-1.868
 0.413
 1.484
 2.128
 1.752
 0.190
-0.239
-0.507
-1.193
 0.327
 0.960
-1.229
 0.378
 1.592
 0.631
-0.077
-1.357
-0.704
 0.651
 0.947
 0.256
-0.847
-1.197
-0.535
-0.293
-0.786
 0.006
 0.587
-1.292
 2.828
-1.067
-0.746
-0.725
-0.537
 1.179
-0.195
 0.314
 1.872
 1.225
-0.157
-1.473
-1.266
-2.018
-1.004
-0.664
-0.921
-0.543
 0.403
 1.462
-0.328
 0.547
 0.785
 1.349
 0.397
 1.090
 0.312
 0.069
-0.190
 0.234
 0.721
-1.418
 2.492
 0.835
 0.319
 1.463
 0.095
 0.624
 1.113
 0.194
 1.805
 0.537
-0.202
-0.030
 0.891
-0.319
 0.575
-1.395
-1.037
 0.284
-0.130
 0.213
 0.930
-1.727
-0.302
-0.587
-0.490
 0.693
 0.098
-0.349
 0.096
 0.859
 0.272
 0.883
-0.764
 0.840
-0.757
 1.880
-0.459
-2.067
-1.007
-0.791
 1.730
 0.155
 1.515
 1.426
 0.307
-0.939
 0.399
-1.089
-0.815
 0.451
 0.625
 1.010
-0.184
 0.738
 0.954
 1.063
 0.665
 0.264
-1.919
 0.312
 0.386
-0.695
-0.790
-2.526
 1.470
 0.488
 1.027
-1.110
-2.147
-0.421
 0.849
 0.698
-0.357
 2.235
 1.418
 0.541
 0.884
-1.752
-0.609
-1.850
 0.336
-0.390
-1.161
-0.633
 0.822
-0.945
 1.072
-1.509
 2.229
-0.359
 0.110
 0.009
 0.857
 1.155
 2.038
 1.108
 1.777
 0.943
-0.751
-0.175
 1.548
-0.383
 0.516
-1.611
 2.178
 0.180
-0.457
-0.730
 0.420
 0.077
 0.276
-0.253
 0.652
-2.110
 0.099
-0.350
-0.995
-3.013
-1.551
-0.293
-1.921
 0.422
 1.654
-0.670
-0.086
 0.370
-0.777
-1.035
 0.043
-0.037
 0.707
 0.148
-1.504
 0.443
 0.697
-0.782
-0.861
 0.461
-0.117
-0.207
 0.750
-1.003
-0.024
-0.266
-1.045
 0.359
-0.887
 0.224
 1.096
-0.312
-1.372
-0.724
 0.189
 0.274
-1.008
-0.136
-1.162
-0.966
-0.352
-0.418
 0.827
-0.832
 0.168
-1.535
-0.536
 1.284
-0.975
 1.089
-0.992
-0.736
-0.048
 0.655
 0.849
 0.978
-3.117
 0.405
-1.521
 0.902
-0.427
 1.092
-0.022
 0.239
-1.211
 0.075
 1.471
-1.009
 0.767
 0.077
 1.332
-0.461
-1.172
 0.075
 0.891
-0.210
 0.569
 0.127
 0.898
-0.642
 0.705
 0.615
-3.086
-0.693
-1.292
 1.153
-0.674
-1.979
-0.953
 1.316
 1.802
-0.698
 1.650
-0.648
 1.503
 0.048
-1.250
 0.170
-1.599
 1.249
 0.897
 1.221
 0.443
-0.647
 1.002
 0.937
-1.744
 2.301
 0.960
 0.885
 0.925
-0.075
-1.408
-0.329
-0.382
 0.612
-1.038
 0.042
 0.346
-1.273
-0.520
-2.112
 0.923
 1.111
 1.251
 0.749
-0.332
-0.623
 0.085
 0.899
-0.160
 0.232
 1.089
-0.534
-0.402
-0.369
-0.491
-0.831
 0.791
 0.020
 1.307
-2.215
 1.106
 0.063
 1.267
 0.478
 1.213
 0.186
 0.379
-1.150
-0.122
 1.240
-1.202
-1.759
 0.063
-1.092
 0.441
-1.691
-1.213
 0.270
 0.206
-2.367
-0.631
 1.047
 0.673
-1.182
-1.660
 0.938
 0.045
 0.376
-0.555
 0.004
-0.249
 0.453
 1.756
 0.539
-0.394
-1.070
-0.789
-1.294
-1.020
 0.508
-1.832
-1.508
 0.509
-0.397
-0.003
 0.775
-0.899
 0.564
-1.008
 0.381
-0.217
-2.166
-0.148
 0.352
 0.512
-0.407
 1.039
 0.593
-0.332
-2.124
-0.524
 0.503
-0.648
-1.669
-0.637
 0.186
-1.391
-0.149
 0.681
 0.092
-0.493
 0.213
-0.664
-0.339
 1.506
-1.199
-0.456
-0.171
 0.694
-0.936
-0.609
 1.782
-2.257
-0.400
-0.509
 1.704
 0.622
 1.553
-0.954
 0.724
-0.480
 0.780
 0.252
-0.257
 0.379
-1.292
-0.621
 0.907
 2.601
 0.548
 0.172
 0.555
 0.048
 1.411
 0.089
 0.087
-0.410
-0.543
 0.054
 1.801
-0.775
 0.679
 1.573
-0.140
 0.792
-0.702
-1.474
-0.673
-0.951
-0.204
 0.393
-0.881
 0.759
-0.392
-0.085
 1.381
-1.122
 0.843
-0.812
 0.107
 0.627
 0.117
 0.785
 0.507
 0.270
 1.174
 0.293
 1.799
 0.258
-0.145
-0.525
-0.015
 0.382
 0.135
 1.242
 1.521
 0.305
 1.172
 1.082
 1.419
 2.179
 0.002
-0.208
 0.420
-0.277
-0.347
-0.224
-0.579
-0.883
 2.248
-0.554
 1.309
-1.347
-0.227
 1.764
 0.159
-1.021
-1.418
 0.581
-0.390
-0.786
 0.794
-0.129
 0.463
-0.329
 0.944
-0.612
-1.286
-0.068
 1.373
 0.338
 2.447
 2.652
 0.389
-0.316
 0.538
 0.662
 0.011
-1.362
 0.808
 0.353
-0.122
 0.527
 0.807
-0.317
-1.185
 0.412
 1.934
 1.353
-2.092
 2.210
-0.081
 1.198
 2.018
-0.200
 2.776
 0.005
 1.052
 1.567
 0.360
-0.626
-0.238
 1.202
-0.448
 0.898
 0.105
 1.090
 0.928
 0.204
 0.647
-0.128
 1.236
-0.756
 1.061
-0.702
 0.986
-1.394
 0.221
-0.604
 0.949
-0.805
 0.215
 0.652
-0.574
 0.320
 0.610
 1.457
-0.660
 1.766
 1.138
 0.343
 0.656
-1.277
 1.357
 0.689
 1.239
-1.379
 0.348
-0.731
 0.566
-0.002
-0.474
-0.641
 0.144
 0.637
 0.738
-1.133
 0.351
 0.489
-0.802
-0.799
-1.157
 0.152
-0.591
 0.574
 1.616
-1.002
-0.943
-0.152
 1.869
-0.580
-0.123
-0.483
 1.759
 0.488
 2.410
 0.725
 1.024
 0.237
 1.442
-1.675
-0.116
 1.133
 0.725
-0.387
-0.596
-0.039
-0.787
 0.607
 0.928
 2.564
-0.560
-2.720
 1.726
-1.720
-0.291
 1.074
-2.020
 0.669
-0.278
 0.189
-0.529
-0.238
 0.253
-0.132
-1.665
 0.002
-0.012
 0.271
-0.554
-0.782
 0.723
-0.118
-0.662
 0.632
 0.951
-1.539
-3.048
-0.891
 0.278
-1.138
 1.057
-1.165
-0.248
 0.496
-0.070
-0.068
 0.205
 0.920
 0.968
 0.189
-0.520
 1.405
 0.959
-0.896
 0.040
 1.094
 0.721
-0.026
 1.418
-1.012
-0.904
 0.247
-0.187
 0.232
-0.191
 0.615
 1.353
-1.425
-1.643
 0.519
-1.029
-1.613
 0.340
 0.802
-1.860
 1.428
-0.021
 1.531
 0.276
 0.496
 1.218
 1.356
 0.867
 0.152
 0.217
 1.276
-0.289
-0.858
-0.998
 1.676
 1.768
 0.382
-0.430
-0.456
-0.187
 0.611
-0.832
 0.826
 0.082
 0.223
 1.059
-0.743
-0.248
-0.516
-0.090
 0.549
 0.192
 1.046
-1.441
 1.009
 1.086
-0.872
-0.106
-0.516
 0.938
-0.220
-1.411
 0.299
-0.853
-0.799
-0.518
 0.433
 0.213
-1.356
-2.244
 0.395
-1.260
-1.917
-2.337
 1.487
-0.586
-1.030
-0.438
-1.630
-0.251
 1.354
-0.804
 0.029
 0.658
-1.220
 0.089
-1.305
-0.866
-0.546
-0.267
-2.439
 0.431
-0.613
 2.163
 1.502
-0.965
-0.120
 1.975
-0.757
-0.065
 0.165
 0.091
 1.854
 0.704
-1.868
 0.518
-0.219
-1.316
-0.376
-0.085
-0.455
 1.064
 0.194
 2.324
 0.124
 0.782
-2.457
 0.040
-0.338
-1.363
-0.021
 0.081
 1.271
 0.426
-0.483
-1.688
 0.789
 0.133
-0.377
 0.605
 0.878
-0.951
-0.430
-2.088
 0.410
-0.154
-0.250
 0.355
-1.073
 0.808
 0.310
 0.715
 0.543
 0.480
 1.149
-0.340
-0.131
 0.374
-0.437
 0.185
 0.616
 0.495
-0.122
-0.948
 0.237
-1.015
 0.296
-0.725
 0.514
 0.989
 0.912
 0.493
-1.585
 1.384
-1.616
-0.180
-0.157
-0.214
 1.497
-0.906
-0.795
-0.844
-0.355
 1.325
 0.403
-0.855
 1.516
 0.972
 1.310
 1.112
-0.224
-0.123
 0.873
 0.297
 0.040
 0.742
 0.609
 1.194
 1.821
 1.652
 1.716
-0.487
 0.961
 0.550
-0.162
-0.964
 0.782
-1.378
-0.418
 0.230
-0.690
-0.936
-0.122
-0.716
-0.896
 0.997
-0.174
 0.381
 2.080
-0.234
 0.371
-0.853
-0.492
-1.135
-0.109
-0.070
-0.788
 1.473
-0.165
 0.483
-0.669
 0.697
 0.407
 1.236
 0.151
 0.579
 0.893
 0.010
 1.377
 1.008
 0.641
 1.332
 0.349
-0.228
 1.582
-1.071
 1.097
-0.422
 1.269
-0.950
 0.417
 0.127
-0.785
-1.305
-0.641
-0.354
 0.779
-0.743
-2.140
 0.428
-1.414
-0.624
 1.084
 0.170
-0.441
-0.087
-1.375
-0.935
-0.667
 0.290
-0.493
 2.377
-0.955
 0.979
-0.507
 1.085
-0.463
 1.778
 0.645
-1.014
 0.451
-2.061
 2.430
-0.229
-0.475
-1.954
 1.478
 0.294
 0.119
 1.718
 1.643
 1.273
 0.718
-0.585
 0.295
-1.056
 0.326
 0.421
 1.791
-1.027
-0.463
 0.641
 1.942
-0.654
-0.737
-0.235
