0.000000000000000000e+00
0.000000000000000000e+00
0.000000000000000000e+00
0.000000000000000000e+00
0.000000000000000000e+00
0.000000000000000000e+00
0.000000000000000000e+00
0.000000000000000000e+00
0.000000000000000000e+00
0.000000000000000000e+00
0.000000000000000000e+00
0.000000000000000000e+00
0.000000000000000000e+00
0.000000000000000000e+00
0.000000000000000000e+00
0.000000000000000000e+00
0.000000000000000000e+00
0.000000000000000000e+00
0.000000000000000000e+00
0.000000000000000000e+00
0.000000000000000000e+00
0.000000000000000000e+00
0.000000000000000000e+00
0.000000000000000000e+00
0.000000000000000000e+00
0.000000000000000000e+00
0.000000000000000000e+00
0.000000000000000000e+00
2.000000000000000000e+00
5.000000000000000000e+00
1.800000000000000000e+01
2.800000000000000000e+01
4.300000000000000000e+01
6.100000000000000000e+01
9.500000000000000000e+01
1.390000000000000000e+02
2.450000000000000000e+02
3.880000000000000000e+02
5.930000000000000000e+02
9.780000000000000000e+02
1.501000000000000000e+03
2.336000000000000000e+03
2.922000000000000000e+03
3.513000000000000000e+03
4.747000000000000000e+03
5.823000000000000000e+03
6.566000000000000000e+03
7.161000000000000000e+03
8.042000000000000000e+03
9.000000000000000000e+03
1.007500000000000000e+04
1.136400000000000000e+04
1.272900000000000000e+04
1.393800000000000000e+04
1.499100000000000000e+04
1.616900000000000000e+04
1.736100000000000000e+04
1.840700000000000000e+04
1.964400000000000000e+04
2.061000000000000000e+04
2.163800000000000000e+04
2.304900000000000000e+04
2.481100000000000000e+04
2.701700000000000000e+04
2.940600000000000000e+04
3.233200000000000000e+04
3.540800000000000000e+04
3.830900000000000000e+04
4.149500000000000000e+04
4.460500000000000000e+04
4.759300000000000000e+04
5.046800000000000000e+04
5.318300000000000000e+04
5.574300000000000000e+04
5.822600000000000000e+04
