
1900.706 8.3
1900.791 12.9
1900.873 4.5
1900.958 0.3
1901.043 0.2
1901.123 2.4
1901.205 4.5
1901.287 0
1901.372 10.2
1901.454 5.8
1901.539 0.7
1901.624 1
1901.706 0.6
1901.791 3.7
1901.873 3.8
1901.958 0
1902.042 5.5
1902.122 0
1902.204 12.4
1902.286 0
1902.371 2.8
1902.453 1.4
1902.538 0.9
1902.623 2.3
1902.705 7.6
1902.79 16.3
1902.872 10.3
1902.957 1.1
1903.042 8.3
1903.121 17
1903.203 13.5
1903.285 26.1
1903.37 14.6
1903.452 16.3
1903.537 27.9
1903.622 28.8
1903.704 11.1
1903.789 38.9
1903.871 44.5
1903.956 45.6
1904.041 31.6
1904.123 24.5
1904.205 37.2
1904.287 43
1904.372 39.5
1904.454 41.9
1904.539 50.6
1904.624 58.2
1904.706 30.1
1904.791 54.2
1904.873 38
1904.958 54.6
1905.043 54.8
1905.123 85.8
1905.205 56.5
1905.287 39.3
1905.372 48
1905.454 49
1905.539 73
1905.624 58.8
1905.706 55
1905.791 78.7
1905.873 107.2
1905.958 55.5
1906.042 45.5
