
1960.287 122
1960.372 119.6
1960.454 110.2
1960.539 121.7
1960.624 134.1
1960.706 127.2
1960.791 82.8
1960.873 89.6
1960.958 85.6
1961.043 57.9
1961.123 46.1
1961.205 53
1961.287 61.4
1961.372 51
1961.454 77.4
1961.539 70.2
1961.624 55.8
1961.706 63.6
1961.791 37.7
1961.873 32.6
1961.958 39.9
1962.042 38.7
1962.122 50.3
1962.204 45.6
1962.286 46.4
1962.371 43.7
1962.453 42
1962.538 21.8
1962.623 21.8
1962.705 51.3
1962.79 39.5
1962.872 26.9
1962.957 23.2
1963.042 19.8
1963.121 24.4
1963.203 17.1
1963.285 29.3
1963.37 43
1963.452 35.9
1963.537 19.6
1963.622 33.2
1963.704 38.8
1963.789 35.3
1963.871 23.4
1963.956 14.9
1964.041 15.3
1964.123 17.7
1964.205 16.5
1964.287 8.6
1964.372 9.5
1964.454 9.1
1964.539 3.1
1964.624 9.3
1964.706 4.7
1964.791 6.1
1964.873 7.4
1964.958 15.1
1965.043 17.5
1965.123 14.2
1965.205 11.7
1965.287 6.8
1965.372 24.1
1965.454 15.9
1965.539 11.9
1965.624 8.9
