
1754.459 26.7
1754.543 18.8
1754.628 12.3
1754.71 8.2
1754.795 24.1
1754.877 13.2
1754.962 4.2
1755.047 10.2
1755.127 11.2
1755.209 6.8
1755.291 6.5
1755.376 0
1755.458 0
1755.543 8.6
1755.628 3.2
1755.71 17.8
1755.795 23.7
1755.877 6.8
1755.962 20
1756.047 12.5
1756.129 7.1
1756.211 5.4
1756.293 9.4
1756.378 12.5
1756.46 12.9
1756.545 3.6
1756.63 6.4
1756.712 11.8
1756.797 14.3
1756.879 17
1756.964 9.4
1757.049 14.1
1757.128 21.2
1757.21 26.2
1757.292 30
1757.377 38.1
1757.459 12.8
1757.544 25
1757.629 51.3
1757.711 39.7
1757.796 32.5
1757.878 64.7
1757.963 33.5
1758.048 37.6
1758.127 52
1758.209 49
1758.292 72.3
1758.376 46.4
1758.459 45
1758.543 44
1758.628 38.7
1758.71 62.5
1758.795 37.7
1758.877 43
1758.962 43
1759.047 48.3
1759.127 44
1759.209 46.8
1759.291 47
1759.376 49
1759.458 50
1759.543 51
1759.628 71.3
1759.71 77.2
1759.795 59.7
