
1857.374 28.6
1857.457 16
1857.541 22.2
1857.626 16.9
1857.708 42.4
1857.793 40.6
1857.875 31.4
1857.96 37.2
1858.045 39
1858.125 34.9
1858.207 57.5
1858.289 38.3
1858.374 41.4
1858.456 44.5
1858.541 56.7
1858.626 55.3
1858.708 80.1
1858.793 91.2
1858.875 51.9
1858.96 66.9
1859.044 83.7
1859.124 87.6
1859.206 90.3
1859.288 85.7
1859.373 91
1859.455 87.1
1859.54 95.2
1859.625 106.8
1859.707 105.8
1859.792 114.6
1859.874 97.2
1859.959 81
1860.044 82.4
1860.126 88.3
1860.208 98.9
1860.29 71.4
1860.375 107.1
1860.457 108.6
1860.542 116.7
1860.627 100.3
1860.709 92.2
1860.794 90.1
1860.876 97.9
1860.961 95.6
1861.046 62.3
1861.125 77.7
1861.207 101
1861.29 98.5
1861.374 56.8
1861.457 88.1
1861.541 78
1861.626 82.5
1861.708 79.9
1861.793 67.2
1861.875 53.7
1861.96 80.5
1862.045 63.1
1862.125 64.5
1862.207 43.6
1862.289 53.7
1862.374 64.4
1862.456 84
1862.541 73.4
1862.626 62.5
1862.708 66.6
