   4.55625000000000e-02   1.37500000000000e-03   1.13125000000000e-02   1.26875000000000e-02   8.56250000000000e-03   1.37500000000000e-02   4.37500000000000e-03   1.68750000000000e-03   2.00000000000000e-03   1.28125000000000e-02
   2.20000000000000e-02   4.55000000000000e-02   1.08750000000000e-02   3.47500000000000e-02   3.39375000000000e-02   3.66875000000000e-02   3.40625000000000e-02   4.71250000000000e-02   4.48125000000000e-02   2.48750000000000e-02
   0.00000000000000e+00   1.12500000000000e-03   4.18125000000000e-02   7.25000000000000e-03   4.56250000000000e-03   1.87500000000000e-04   5.62500000000000e-03   1.81250000000000e-03   0.00000000000000e+00   3.75000000000000e-04
   5.56250000000000e-03   1.87500000000000e-04   3.12500000000000e-03   4.03125000000000e-02   4.12500000000000e-03   2.50000000000000e-04   5.00000000000000e-04   5.62500000000000e-04   1.87500000000000e-04   6.25000000000000e-05
   6.25000000000000e-05   1.25000000000000e-04   1.12500000000000e-03   1.50000000000000e-03   3.61250000000000e-02   1.87500000000000e-04   9.37500000000000e-04   3.75000000000000e-04   3.12500000000000e-04   6.25000000000000e-05
   2.29375000000000e-02   6.25000000000000e-05   1.25000000000000e-04   1.87500000000000e-04   1.75000000000000e-03   4.80625000000000e-02   7.50000000000000e-04   3.75000000000000e-04   2.06250000000000e-03   0.00000000000000e+00
   6.25000000000000e-05   6.25000000000000e-05   6.87500000000000e-04   4.37500000000000e-04   5.00000000000000e-04   6.25000000000000e-04   3.41250000000000e-02   1.25000000000000e-03   3.75000000000000e-04   1.87500000000000e-04
   6.25000000000000e-05   3.60625000000000e-02   1.07500000000000e-02   5.00000000000000e-04   6.12500000000000e-03   3.75000000000000e-04   3.75000000000000e-03   4.18750000000000e-02   5.50000000000000e-03   1.71250000000000e-02
   0.00000000000000e+00   9.87500000000000e-03   1.70000000000000e-02   3.25000000000000e-03   3.56250000000000e-03   5.00000000000000e-04   7.75000000000000e-03   2.93750000000000e-03   4.85000000000000e-02   1.00000000000000e-03
   0.00000000000000e+00   5.62500000000000e-04   2.93750000000000e-03   8.12500000000000e-04   1.56250000000000e-03   1.25000000000000e-04   8.87500000000000e-03   3.12500000000000e-04   5.00000000000000e-04   4.60000000000000e-02
