   9.59375000000000e-02   0.00000000000000e+00   1.25000000000000e-04   1.87500000000000e-04   5.00000000000000e-04   1.31250000000000e-03   5.00000000000000e-04   3.12500000000000e-04   1.87500000000000e-04   1.25000000000000e-04
   0.00000000000000e+00   9.47500000000000e-02   2.62500000000000e-03   3.12500000000000e-04   1.18750000000000e-03   5.62500000000000e-04   4.37500000000000e-04   5.00000000000000e-04   6.87500000000000e-04   1.75000000000000e-03
   0.00000000000000e+00   1.25000000000000e-04   9.33750000000000e-02   7.37500000000000e-03   2.75000000000000e-03   1.87500000000000e-04   6.25000000000000e-04   5.00000000000000e-04   0.00000000000000e+00   1.87500000000000e-04
   0.00000000000000e+00   0.00000000000000e+00   2.18750000000000e-03   9.02500000000000e-02   4.81250000000000e-03   0.00000000000000e+00   0.00000000000000e+00   0.00000000000000e+00   0.00000000000000e+00   0.00000000000000e+00
   0.00000000000000e+00   0.00000000000000e+00   1.25000000000000e-04   3.06250000000000e-03   9.05625000000000e-02   1.25000000000000e-04   0.00000000000000e+00   6.25000000000000e-05   0.00000000000000e+00   0.00000000000000e+00
   3.12500000000000e-04   0.00000000000000e+00   0.00000000000000e+00   6.25000000000000e-05   2.50000000000000e-04   9.55625000000000e-02   0.00000000000000e+00   0.00000000000000e+00   0.00000000000000e+00   6.25000000000000e-05
   0.00000000000000e+00   0.00000000000000e+00   3.12500000000000e-04   0.00000000000000e+00   4.37500000000000e-04   0.00000000000000e+00   9.76875000000000e-02   1.25000000000000e-04   0.00000000000000e+00   2.06250000000000e-03
   0.00000000000000e+00   6.25000000000000e-05   6.87500000000000e-04   2.50000000000000e-04   1.25000000000000e-04   1.25000000000000e-04   3.12500000000000e-04   9.68125000000000e-02   6.25000000000000e-05   0.00000000000000e+00
   0.00000000000000e+00   0.00000000000000e+00   0.00000000000000e+00   1.25000000000000e-04   1.87500000000000e-04   2.68750000000000e-03   0.00000000000000e+00   0.00000000000000e+00   1.03312500000000e-01   3.12500000000000e-04
   0.00000000000000e+00   0.00000000000000e+00   3.12500000000000e-04   6.25000000000000e-05   0.00000000000000e+00   1.87500000000000e-04   1.18750000000000e-03   0.00000000000000e+00   0.00000000000000e+00   9.80000000000000e-02
