   9.50000000000000e-02   1.00000000000000e-03   1.00000000000000e-03   1.25000000000000e-03   2.37500000000000e-03   3.87500000000000e-03   2.06250000000000e-03   5.18750000000000e-03   3.62500000000000e-03   1.25000000000000e-03
   0.00000000000000e+00   9.15625000000000e-02   5.75000000000000e-03   2.50000000000000e-04   9.37500000000000e-04   1.87500000000000e-04   1.50000000000000e-03   1.87500000000000e-04   8.12500000000000e-04   4.50000000000000e-03
   0.00000000000000e+00   1.87500000000000e-03   8.33125000000000e-02   8.50000000000000e-03   5.68750000000000e-03   2.50000000000000e-04   3.25000000000000e-03   2.06250000000000e-03   3.12500000000000e-04   2.50000000000000e-04
   1.25000000000000e-04   0.00000000000000e+00   3.56250000000000e-03   8.53750000000000e-02   5.81250000000000e-03   0.00000000000000e+00   2.50000000000000e-04   0.00000000000000e+00   0.00000000000000e+00   0.00000000000000e+00
   6.25000000000000e-05   1.87500000000000e-04   1.12500000000000e-03   5.06250000000000e-03   8.23125000000000e-02   5.00000000000000e-04   5.62500000000000e-04   2.50000000000000e-04   3.12500000000000e-04   6.25000000000000e-05
   8.75000000000000e-04   0.00000000000000e+00   0.00000000000000e+00   6.25000000000000e-05   6.87500000000000e-04   9.06250000000000e-02   0.00000000000000e+00   6.25000000000000e-05   1.87500000000000e-04   0.00000000000000e+00
   6.25000000000000e-05   1.25000000000000e-04   2.37500000000000e-03   4.37500000000000e-04   2.25000000000000e-03   1.31250000000000e-03   8.43125000000000e-02   4.18750000000000e-03   1.12500000000000e-03   2.56250000000000e-03
   6.25000000000000e-05   0.00000000000000e+00   3.75000000000000e-04   6.25000000000000e-05   1.25000000000000e-04   0.00000000000000e+00   7.50000000000000e-04   8.63750000000000e-02   0.00000000000000e+00   0.00000000000000e+00
   6.25000000000000e-05   0.00000000000000e+00   0.00000000000000e+00   0.00000000000000e+00   1.87500000000000e-04   3.93750000000000e-03   6.25000000000000e-05   0.00000000000000e+00   9.73125000000000e-02   1.06250000000000e-03
   0.00000000000000e+00   1.87500000000000e-04   2.25000000000000e-03   6.87500000000000e-04   4.37500000000000e-04   6.25000000000000e-05   8.00000000000000e-03   0.00000000000000e+00   5.62500000000000e-04   9.28125000000000e-02
