
1797.796 6.9
1797.878 5.8
1797.963 3
1798.048 2
1798.127 4
1798.209 12.4
1798.292 1.1
1798.376 0
1798.459 0
1798.543 0
1798.628 3
1798.71 2.4
1798.795 1.5
1798.877 12.5
1798.962 9.9
1799.047 1.6
1799.127 12.6
1799.209 21.7
1799.291 8.4
1799.376 8.2
1799.458 10.6
1799.543 2.1
1799.628 0
1799.71 0
1799.795 4.6
1799.877 2.7
1799.962 8.6
1800.047 6.9
1800.126 9.3
1800.208 13.9
1800.29 0
1800.375 5
1800.457 23.7
1800.542 21
1800.627 19.5
1800.709 11.5
1800.794 12.3
1800.876 10.5
1800.961 40.1
1801.046 27
1801.125 29
1801.207 30
1801.29 31
1801.374 32
1801.457 31.2
1801.541 35
1801.626 38.7
1801.708 33.5
1801.793 32.6
1801.875 39.8
1801.96 48.2
1802.045 47.8
1802.125 47
1802.207 40.8
1802.289 42
1802.374 44
1802.456 46
1802.541 48
1802.626 50
1802.708 51.8
1802.793 38.5
1802.875 34.5
1802.96 50
1803.044 50
1803.124 50.8
