
1884.457 51.2
1884.542 53.1
1884.627 55.8
1884.709 61.9
1884.794 47.8
1884.876 36.6
1884.961 47.2
1885.046 42.8
1885.125 71.8
1885.207 49.8
1885.29 55
1885.374 73
1885.457 83.7
1885.541 66.5
1885.626 50
1885.708 39.6
1885.793 38.7
1885.875 30.9
1885.96 21.7
1886.045 29.9
1886.125 25.9
1886.207 57.3
1886.289 43.7
1886.374 30.7
1886.456 27.1
1886.541 30.3
1886.626 16.9
1886.708 21.4
1886.793 8.6
1886.875 0.3
1886.96 13
1887.044 10.3
1887.124 13.2
1887.206 4.2
1887.288 6.9
1887.373 20
1887.455 15.7
1887.54 23.3
1887.625 21.4
1887.707 7.4
1887.792 6.6
1887.874 6.9
1887.959 20.7
1888.044 12.7
1888.126 7.1
1888.208 7.8
1888.29 5.1
1888.375 7
1888.457 7.1
1888.542 3.1
1888.627 2.8
1888.709 8.8
1888.794 2.1
1888.876 10.7
1888.961 6.7
1889.046 0.8
1889.125 8.5
1889.207 6.7
1889.29 4.3
1889.374 2.4
1889.457 6.4
1889.541 9.4
1889.626 20.6
1889.708 6.5
1889.793 2.1
