
1992.791 88.7
1992.873 91.8
1992.958 82.6
1993.043 59.3
1993.123 91
1993.205 69.8
1993.287 62.2
1993.372 61.3
1993.454 49.8
1993.539 57.9
1993.624 42.2
1993.706 22.4
1993.791 56.4
1993.873 35.6
1993.958 48.9
1994.042 57.8
1994.122 35.5
1994.204 31.7
1994.286 16.1
1994.371 17.8
1994.453 28
1994.538 35.1
1994.623 22.5
1994.705 25.7
1994.79 44
1994.872 18
1994.957 26.2
1995.042 24.2
1995.121 29.9
1995.203 31.1
1995.285 14
1995.37 14.5
1995.452 15.6
1995.537 14.5
1995.622 14.3
1995.704 11.8
1995.789 21.1
1995.871 9
1995.956 10
1996.041 11.5
1996.123 4.4
1996.205 9.2
1996.287 4.8
1996.372 5.5
1996.454 11.8
1996.539 8.2
1996.624 14.4
1996.706 1.6
1996.791 0.9
1996.873 17.9
1996.958 13.3
1997.043 5.7
1997.123 7.6
1997.205 8.7
1997.287 15.5
1997.372 18.5
1997.454 12.7
1997.539 10.4
1997.624 24.4
1997.706 51.3
1997.791 23.8
1997.873 39
1997.958 41.2
1998.042 31.9
1998.122 40.3
