
1889.875 0.2
1889.96 6.7
1890.045 5.3
1890.125 0.6
1890.207 5.1
1890.289 1.6
1890.374 4.8
1890.456 1.3
1890.541 11.6
1890.626 8.5
1890.708 17.2
1890.793 11.2
1890.875 9.6
1890.96 7.8
1891.044 13.5
1891.124 22.2
1891.206 10.4
1891.288 20.5
1891.373 41.1
1891.455 48.3
1891.54 58.8
1891.625 33
1891.707 53.8
1891.792 51.5
1891.874 41.9
1891.959 32.5
1892.044 69.1
1892.126 75.6
1892.208 49.9
1892.29 69.6
1892.375 79.6
1892.457 76.3
1892.542 76.5
1892.627 101.4
1892.709 62.8
1892.794 70.5
1892.876 65.4
1892.961 78.6
1893.046 75
1893.125 73
1893.207 65.7
1893.29 88.1
1893.374 84.7
1893.457 89.9
1893.541 88.6
1893.626 129.2
1893.708 77.9
1893.793 80
1893.875 75.1
1893.96 93.8
1894.045 83.2
1894.125 84.6
1894.207 52.3
1894.289 81.6
1894.374 101.2
1894.456 98.9
1894.541 106
1894.626 70.3
1894.708 65.9
1894.793 75.5
1894.875 56.6
1894.96 60
1895.044 63.3
1895.124 67.2
1895.206 61
