   1.00000000000000e+00
   1.00000000000000e+00
   1.00750750750751e+00
   1.01501488963953e+00
   1.02250310809189e+00
   1.02997191243994e+00
   1.03742109991811e+00
   1.04485046840953e+00
   1.05225981633298e+00
   1.05964894264761e+00
   1.06701764685784e+00
   1.07436572901830e+00
   1.08169298973872e+00
   1.08899923018885e+00
   1.09628425210335e+00
   1.10354785778663e+00
   1.11078985011774e+00
   1.11801003255520e+00
   1.12520820914181e+00
   1.13238418450948e+00
   1.13953776388403e+00
   1.14666875308999e+00
   1.15377695855533e+00
   1.16086218731623e+00
   1.16792424702186e+00
   1.17496294593902e+00
   1.18197809295695e+00
   1.18896949759195e+00
   1.19593696999207e+00
   1.20288032094181e+00
   1.20979936186673e+00
   1.21669390483809e+00
   1.22356376257749e+00
   1.23040874846141e+00
   1.23722867652588e+00
   1.24402336147096e+00
   1.25079261866534e+00
   1.25753626415088e+00
   1.26425411464708e+00
   1.27094598755565e+00
   1.27761170096491e+00
   1.28425107365435e+00
   1.29086392509900e+00
   1.29745007547389e+00
   1.30400934565849e+00
   1.31054155724107e+00
   1.31704653252312e+00
   1.32352409452367e+00
   1.32997406698365e+00
   1.33639627437024e+00
   1.34279054188115e+00
   1.34915669544893e+00
   1.35549456174522e+00
   1.36180396818502e+00
   1.36808474293095e+00
   1.37433671489742e+00
   1.38055971375484e+00
   1.38675356993384e+00
   1.39291811462940e+00
   1.39905317980496e+00
   1.40515859819662e+00
   1.41123420331719e+00
   1.41727982946028e+00
   1.42329531170438e+00
   1.42928048591690e+00
   1.43523518875820e+00
   1.44115925768558e+00
   1.44705253095730e+00
   1.45291484763651e+00
   1.45874604759523e+00
   1.46454597151826e+00
   1.47031446090708e+00
   1.47605135808377e+00
   1.48175650619484e+00
   1.48742974921509e+00
   1.49307093195143e+00
   1.49867990004671e+00
   1.50425649998346e+00
   1.50980057908772e+00
   1.51531198553270e+00
   1.52079056834256e+00
   1.52623617739610e+00
   1.53164866343042e+00
   1.53702787804460e+00
   1.54237367370334e+00
   1.54768590374052e+00
   1.55296442236289e+00
   1.55820908465355e+00
   1.56341974657556e+00
   1.56859626497543e+00
   1.57373849758666e+00
   1.57884630303318e+00
   1.58391954083287e+00
   1.58895807140095e+00
   1.59396175605343e+00
   1.59893045701048e+00
   1.60386403739982e+00
   1.60876236126007e+00
   1.61362529354406e+00
   1.61845270012218e+00
   1.62324444778558e+00
   1.62800040424953e+00
   1.63272043815659e+00
   1.63740441907981e+00
   1.64205221752600e+00
   1.64666370493881e+00
   1.65123875370193e+00
   1.65577723714219e+00
   1.66027902953264e+00
   1.66474400609566e+00
   1.66917204300600e+00
   1.67356301739378e+00
   1.67791680734752e+00
   1.68223329191710e+00
   1.68651235111674e+00
   1.69075386592789e+00
   1.69495771830220e+00
   1.69912379116432e+00
   1.70325196841485e+00
   1.70734213493308e+00
   1.71139417657988e+00
   1.71540798020045e+00
   1.71938343362706e+00
   1.72332042568183e+00
   1.72721884617943e+00
   1.73107858592974e+00
   1.73489953674053e+00
   1.73868159142011e+00
   1.74242464377995e+00
   1.74612858863720e+00
   1.74979332181735e+00
   1.75341874015670e+00
   1.75700474150489e+00
   1.76055122472740e+00
   1.76405808970799e+00
   1.76752523735117e+00
   1.77095256958455e+00
   1.77433998936132e+00
   1.77768740066252e+00
   1.78099470849941e+00
   1.78426181891580e+00
   1.78748863899031e+00
   1.79067507683861e+00
   1.79382104161572e+00
   1.79692644351811e+00
   1.79999119378599e+00
   1.80301520470539e+00
   1.80599838961032e+00
   1.80894066288486e+00
   1.81184193996525e+00
   1.81470213734192e+00
   1.81752117256153e+00
   1.82029896422896e+00
   1.82303543200927e+00
   1.82573049662969e+00
   1.82838407988147e+00
   1.83099610462182e+00
   1.83356649477577e+00
   1.83609517533799e+00
   1.83858207237461e+00
   1.84102711302501e+00
   1.84343022550359e+00
   1.84579133910146e+00
   1.84811038418820e+00
   1.85038729221349e+00
   1.85262199570880e+00
   1.85481442828897e+00
   1.85696452465386e+00
   1.85907222058989e+00
   1.86113745297156e+00
   1.86316015976304e+00
   1.86514028001956e+00
   1.86707775388896e+00
   1.86897252261307e+00
   1.87082452852915e+00
   1.87263371507125e+00
   1.87440002677157e+00
   1.87612340926177e+00
   1.87780380927430e+00
   1.87944117464365e+00
   1.88103545430758e+00
   1.88258659830839e+00
   1.88409455779402e+00
   1.88555928501929e+00
   1.88698073334700e+00
   1.88835885724905e+00
   1.88969361230748e+00
   1.89098495521556e+00
   1.89223284377882e+00
   1.89343723691599e+00
   1.89459809466003e+00
   1.89571537815902e+00
   1.89678904967711e+00
   1.89781907259538e+00
   1.89880541141270e+00
   1.89974803174657e+00
   1.90064690033389e+00
   1.90150198503177e+00
   1.90231325481826e+00
   1.90308067979305e+00
   1.90380423117819e+00
   1.90448388131872e+00
   1.90511960368333e+00
   1.90571137286492e+00
   1.90625916458125e+00
   1.90676295567541e+00
   1.90722272411640e+00
   1.90763844899958e+00
   1.90801011054717e+00
   1.90833769010866e+00
   1.90862117016123e+00
   1.90886053431012e+00
   1.90905576728901e+00
   1.90920685496030e+00
   1.90931378431545e+00
   1.90937654347523e+00
   1.90939512168992e+00
   1.90936950933960e+00
   1.90929969793428e+00
   1.90918568011406e+00
   1.90902744964926e+00
   1.90882500144053e+00
   1.90857833151892e+00
   1.90828743704589e+00
   1.90795231631339e+00
   1.90757296874376e+00
   1.90714939488976e+00
   1.90668159643447e+00
   1.90616957619119e+00
   1.90561333810332e+00
   1.90501288724421e+00
   1.90436822981695e+00
   1.90367937315420e+00
   1.90294632571792e+00
   1.90216909709911e+00
   1.90134769801752e+00
   1.90048214032133e+00
   1.89957243698676e+00
   1.89861860211777e+00
   1.89762065094556e+00
   1.89657859982820e+00
   1.89549246625014e+00
   1.89436226882170e+00
   1.89318802727860e+00
   1.89196976248135e+00
   1.89070749641473e+00
   1.88940125218715e+00
   1.88805105403002e+00
   1.88665692729711e+00
   1.88521889846384e+00
   1.88373699512658e+00
   1.88221124600187e+00
   1.88064168092572e+00
   1.87902833085272e+00
   1.87737122785529e+00
   1.87567040512277e+00
   1.87392589696056e+00
   1.87213773878921e+00
   1.87030596714348e+00
   1.86843061967135e+00
   1.86651173513305e+00
   1.86454935340005e+00
   1.86254351545396e+00
   1.86049426338549e+00
   1.85840164039335e+00
   1.85626569078308e+00
   1.85408645996594e+00
   1.85186399445765e+00
   1.84959834187726e+00
   1.84728955094583e+00
   1.84493767148521e+00
   1.84254275441672e+00
   1.84010485175981e+00
   1.83762401663075e+00
   1.83510030324121e+00
   1.83253376689686e+00
   1.82992446399594e+00
   1.82727245202780e+00
   1.82457778957141e+00
   1.82184053629383e+00
   1.81906075294869e+00
   1.81623850137458e+00
   1.81337384449351e+00
   1.81046684630923e+00
   1.80751757190559e+00
   1.80452608744490e+00
   1.80149246016616e+00
   1.79841675838338e+00
   1.79529905148379e+00
   1.79213940992609e+00
   1.78893790523858e+00
   1.78569461001736e+00
   1.78240959792446e+00
   1.77908294368595e+00
   1.77571472308999e+00
   1.77230501298493e+00
   1.76885389127729e+00
   1.76536143692980e+00
   1.76182772995937e+00
   1.75825285143499e+00
   1.75463688347573e+00
   1.75097990924857e+00
   1.74728201296632e+00
   1.74354327988541e+00
   1.73976379630376e+00
   1.73594364955853e+00
   1.73208292802394e+00
   1.72818172110893e+00
   1.72424011925496e+00
   1.72025821393362e+00
   1.71623609764437e+00
   1.71217386391211e+00
   1.70807160728482e+00
   1.70392942333116e+00
   1.69974740863802e+00
   1.69552566080802e+00
   1.69126427845708e+00
   1.68696336121187e+00
   1.68262300970728e+00
   1.67824332558383e+00
   1.67382441148512e+00
   1.66936637105518e+00
   1.66486930893584e+00
   1.66033333076409e+00
   1.65575854316934e+00
   1.65114505377073e+00
   1.64649297117442e+00
   1.64180240497076e+00
   1.63707346573156e+00
   1.63230626500726e+00
   1.62750091532406e+00
   1.62265753018110e+00
   1.61777622404756e+00
   1.61285711235973e+00
   1.60790031151812e+00
   1.60290593888444e+00
   1.59787411277868e+00
   1.59280495247604e+00
   1.58769857820396e+00
   1.58255511113904e+00
   1.57737467340393e+00
   1.57215738806428e+00
   1.56690337912560e+00
   1.56161277153008e+00
   1.55628569115348e+00
   1.55092226480186e+00
   1.54552262020842e+00
   1.54008688603024e+00
   1.53461519184499e+00
   1.52910766814770e+00
   1.52356444634739e+00
   1.51798565876377e+00
   1.51237143862388e+00
   1.50672192005870e+00
   1.50103723809977e+00
   1.49531752867575e+00
   1.48956292860895e+00
   1.48377357561194e+00
   1.47794960828396e+00
   1.47209116610750e+00
   1.46619838944468e+00
   1.46027141953377e+00
   1.45431039848556e+00
   1.44831546927978e+00
   1.44228677576148e+00
   1.43622446263738e+00
   1.43012867547221e+00
   1.42399956068501e+00
   1.41783726554546e+00
   1.41164193817009e+00
   1.40541372751861e+00
   1.39915278339005e+00
   1.39285925641905e+00
   1.38653329807199e+00
   1.38017506064317e+00
   1.37378469725100e+00
   1.36736236183405e+00
   1.36090820914722e+00
   1.35442239475777e+00
   1.34790507504146e+00
   1.34135640717851e+00
   1.33477654914966e+00
   1.32816565973221e+00
   1.32152389849595e+00
   1.31485142579913e+00
   1.30814840278444e+00
   1.30141499137493e+00
   1.29465135426987e+00
   1.28785765494070e+00
   1.28103405762683e+00
   1.27418072733156e+00
   1.26729782981786e+00
   1.26038553160418e+00
   1.25344399996029e+00
   1.24647340290299e+00
   1.23947390919189e+00
   1.23244568832518e+00
   1.22538891053528e+00
   1.21830374678459e+00
   1.21119036876117e+00
   1.20404894887435e+00
   1.19687966025044e+00
   1.18968267672834e+00
   1.18245817285511e+00
   1.17520632388160e+00
   1.16792730575802e+00
   1.16062129512949e+00
   1.15328846933157e+00
   1.14592900638580e+00
   1.13854308499518e+00
   1.13113088453970e+00
   1.12369258507175e+00
   1.11622836731165e+00
   1.10873841264302e+00
   1.10122290310823e+00
   1.09368202140380e+00
   1.08611595087579e+00
   1.07852487551520e+00
   1.07090897995325e+00
   1.06326844945680e+00
   1.05560346992365e+00
   1.04791422787782e+00
   1.04020091046487e+00
   1.03246370544718e+00
   1.02470280119919e+00
   1.01691838670269e+00
   1.00911065154198e+00
   1.00127978589916e+00
   9.93425980549300e-01
   9.85549426855613e-01
   9.77650316764656e-01
   9.69728842801467e-01
   9.61785198064722e-01
   9.53819576221853e-01
   9.45832171504172e-01
   9.37823178701968e-01
   9.29792793159593e-01
   9.21741210770538e-01
   9.13668627972491e-01
   9.05575241742385e-01
   8.97461249591427e-01
   8.89326849560120e-01
   8.81172240213271e-01
   8.72997620634978e-01
   8.64803190423617e-01
   8.56589149686805e-01
   8.48355699036357e-01
   8.40103039583227e-01
   8.31831372932438e-01
   8.23540901177999e-01
   8.15231826897812e-01
   8.06904353148563e-01
   7.98558683460605e-01
   7.90195021832826e-01
   7.81813572727510e-01
   7.73414541065178e-01
   7.64998132219429e-01
   7.56564552011760e-01
   7.48114006706378e-01
   7.39646703005005e-01
   7.31162848041666e-01
   7.22662649377469e-01
   7.14146314995375e-01
   7.05614053294958e-01
   6.97066073087149e-01
   6.88502583588980e-01
   6.79923794418309e-01
   6.71329915588538e-01
   6.62721157503322e-01
   6.54097730951268e-01
   6.45459847100623e-01
   6.36807717493956e-01
   6.28141554042824e-01
   6.19461569022437e-01
   6.10767975066309e-01
   6.02060985160902e-01
   5.93340812640258e-01
   5.84607671180628e-01
   5.75861774795085e-01
   5.67103337828140e-01
   5.58332574950336e-01
   5.49549701152842e-01
   5.40754931742042e-01
   5.31948482334107e-01
   5.23130568849565e-01
   5.14301407507866e-01
   5.05461214821932e-01
   4.96610207592708e-01
   4.87748602903696e-01
   4.78876618115495e-01
   4.69994470860321e-01
   4.61102379036530e-01
   4.52200560803130e-01
   4.43289234574284e-01
   4.34368619013813e-01
   4.25438933029690e-01
   4.16500395768527e-01
   4.07553226610052e-01
   3.98597645161595e-01
   3.89633871252549e-01
   3.80662124928838e-01
   3.71682626447378e-01
   3.62695596270530e-01
   3.53701255060550e-01
   3.44699823674030e-01
   3.35691523156341e-01
   3.26676574736068e-01
   3.17655199819437e-01
   3.08627619984745e-01
   2.99594056976778e-01
   2.90554732701229e-01
   2.81509869219114e-01
   2.72459688741182e-01
   2.63404413622317e-01
   2.54344266355943e-01
   2.45279469568424e-01
   2.36210246013460e-01
   2.27136818566477e-01
   2.18059410219019e-01
   2.08978244073136e-01
   1.99893543335765e-01
   1.90805531313113e-01
   1.81714431405039e-01
   1.72620467099427e-01
   1.63523861966562e-01
   1.54424839653505e-01
   1.45323623878461e-01
   1.36220438425151e-01
   1.27115507137177e-01
   1.18009053912390e-01
   1.08901302697253e-01
   9.97924774812103e-02
   9.06828022910426e-02
   8.15725011852343e-02
   7.24617982483330e-02
   6.33509175853100e-02
   5.42400833159211e-02
   4.51295195690657e-02
   3.60194504771473e-02
   2.69101001704324e-02
   1.78016927714111e-02
   8.69445238915662e-03
  -4.11396886314213e-04
  -9.51563098967967e-03
  -1.86180258859516e-02
  -2.77183575761130e-02
  -3.68164021027544e-02
  -4.59119355557092e-02
  -5.50047340776881e-02
  -6.40945738699117e-02
  -7.31812311977418e-02
  -8.22644823963110e-02
  -9.13441038761504e-02
  -1.00419872128815e-01
  -1.09491563732510e-01
  -1.18558955357707e-01
  -1.27621823772768e-01
  -1.36679945849561e-01
  -1.45733098569072e-01
  -1.54781059027019e-01
  -1.63823604439456e-01
  -1.72860512148383e-01
  -1.81891559627346e-01
  -1.90916524487034e-01
  -1.99935184480876e-01
  -2.08947317510631e-01
  -2.17952701631978e-01
  -2.26951115060098e-01
  -2.35942336175252e-01
  -2.44926143528362e-01
  -2.53902315846574e-01
  -2.62870632038834e-01
  -2.71830871201441e-01
  -2.80782812623613e-01
  -2.89726235793033e-01
  -2.98660920401397e-01
  -3.07586646349960e-01
  -3.16503193755070e-01
  -3.25410342953701e-01
  -3.34307874508976e-01
  -3.43195569215691e-01
  -3.52073208105826e-01
  -3.60940572454057e-01
  -3.69797443783255e-01
  -3.78643603869981e-01
  -3.87478834749980e-01
  -3.96302918723661e-01
  -4.05115638361571e-01
  -4.13916776509870e-01
  -4.22706116295789e-01
  -4.31483441133086e-01
  -4.40248534727497e-01
  -4.49001181082173e-01
  -4.57741164503114e-01
  -4.66468269604599e-01
  -4.75182281314597e-01
  -4.83882984880181e-01
  -4.92570165872930e-01
  -5.01243610194321e-01
  -5.09903104081114e-01
  -5.18548434110733e-01
  -5.27179387206629e-01
  -5.35795750643642e-01
  -5.44397312053352e-01
  -5.52983859429422e-01
  -5.61555181132926e-01
  -5.70111065897677e-01
  -5.78651302835539e-01
  -5.87175681441733e-01
  -5.95683991600129e-01
  -6.04176023588532e-01
  -6.12651568083960e-01
  -6.21110416167905e-01
  -6.29552359331588e-01
  -6.37977189481209e-01
  -6.46384698943172e-01
  -6.54774680469319e-01
  -6.63146927242132e-01
  -6.71501232879943e-01
  -6.79837391442124e-01
  -6.88155197434260e-01
  -6.96454445813326e-01
  -7.04734931992842e-01
  -7.12996451848015e-01
  -7.21238801720877e-01
  -7.29461778425406e-01
  -7.37665179252638e-01
  -7.45848801975762e-01
  -7.54012444855212e-01
  -7.62155906643736e-01
  -7.70278986591459e-01
  -7.78381484450934e-01
  -7.86463200482178e-01
  -7.94523935457694e-01
  -8.02563490667486e-01
  -8.10581667924051e-01
  -8.18578269567370e-01
  -8.26553098469876e-01
  -8.34505958041411e-01
  -8.42436652234175e-01
  -8.50344985547653e-01
  -8.58230763033536e-01
  -8.66093790300619e-01
  -8.73933873519696e-01
  -8.81750819428432e-01
  -8.89544435336225e-01
  -8.97314529129052e-01
  -9.05060909274301e-01
  -9.12783384825590e-01
  -9.20481765427569e-01
  -9.28155861320708e-01
  -9.35805483346067e-01
  -9.43430442950060e-01
  -9.51030552189192e-01
  -9.58605623734789e-01
  -9.66155470877710e-01
  -9.73679907533041e-01
  -9.81178748244780e-01
  -9.88651808190496e-01
  -9.96098903185983e-01
  -1.00351984968989e+00
  -1.01091446480834e+00
  -1.01828256629952e+00
  -1.02562397257829e+00
  -1.03293850272073e+00
  -1.04022597646867e+00
  -1.04748621423430e+00
  -1.05471903710458e+00
  -1.06192426684585e+00
  -1.06910172590822e+00
  -1.07625123743010e+00
  -1.08337262524262e+00
  -1.09046571387407e+00
  -1.09753032855429e+00
  -1.10456629521913e+00
  -1.11157344051475e+00
  -1.11855159180203e+00
  -1.12550057716090e+00
  -1.13242022539466e+00
  -1.13931036603431e+00
  -1.14617082934279e+00
  -1.15300144631931e+00
  -1.15980204870354e+00
  -1.16657246897991e+00
  -1.17331254038176e+00
  -1.18002209689558e+00
  -1.18670097326515e+00
  -1.19334900499574e+00
  -1.19996602835821e+00
  -1.20655188039317e+00
  -1.21310639891502e+00
  -1.21962942251609e+00
  -1.22612079057067e+00
  -1.23258034323905e+00
  -1.23900792147155e+00
  -1.24540336701254e+00
  -1.25176652240438e+00
  -1.25809723099141e+00
  -1.26439533692389e+00
  -1.27066068516191e+00
  -1.27689312147929e+00
  -1.28309249246750e+00
  -1.28925864553945e+00
  -1.29539142893339e+00
  -1.30149069171670e+00
  -1.30755628378968e+00
  -1.31358805588938e+00
  -1.31958585959328e+00
  -1.32554954732307e+00
  -1.33147897234836e+00
  -1.33737398879037e+00
  -1.34323445162559e+00
  -1.34906021668945e+00
  -1.35485114067994e+00
  -1.36060708116118e+00
  -1.36632789656708e+00
  -1.37201344620483e+00
  -1.37766359025848e+00
  -1.38327818979246e+00
  -1.38885710675506e+00
  -1.39440020398190e+00
  -1.39990734519940e+00
  -1.40537839502821e+00
  -1.41081321898661e+00
  -1.41621168349388e+00
  -1.42157365587371e+00
  -1.42689900435747e+00
  -1.43218759808759e+00
  -1.43743930712082e+00
  -1.44265400243151e+00
  -1.44783155591486e+00
  -1.45297184039015e+00
  -1.45807472960392e+00
  -1.46314009823316e+00
  -1.46816782188850e+00
  -1.47315777711726e+00
  -1.47810984140667e+00
  -1.48302389318683e+00
  -1.48789981183387e+00
  -1.49273747767295e+00
  -1.49753677198127e+00
  -1.50229757699105e+00
  -1.50701977589253e+00
  -1.51170325283689e+00
  -1.51634789293914e+00
  -1.52095358228109e+00
  -1.52552020791412e+00
  -1.53004765786211e+00
  -1.53453582112422e+00
  -1.53898458767767e+00
  -1.54339384848056e+00
  -1.54776349547459e+00
  -1.55209342158775e+00
  -1.55638352073707e+00
  -1.56063368783128e+00
  -1.56484381877343e+00
  -1.56901381046355e+00
  -1.57314356080120e+00
  -1.57723296868810e+00
  -1.58128193403064e+00
  -1.58529035774240e+00
  -1.58925814174666e+00
  -1.59318518897889e+00
  -1.59707140338915e+00
  -1.60091668994455e+00
  -1.60472095463162e+00
  -1.60848410445871e+00
  -1.61220604745828e+00
  -1.61588669268930e+00
  -1.61952595023946e+00
  -1.62312373122748e+00
  -1.62667994780535e+00
  -1.63019451316054e+00
  -1.63366734151817e+00
  -1.63709834814321e+00
  -1.64048744934259e+00
  -1.64383456246732e+00
  -1.64713960591456e+00
  -1.65040249912970e+00
  -1.65362316260839e+00
  -1.65680151789852e+00
  -1.65993748760224e+00
  -1.66303099537787e+00
  -1.66608196594186e+00
  -1.66909032507067e+00
  -1.67205599960265e+00
  -1.67497891743988e+00
  -1.67785900755002e+00
  -1.68069619996805e+00
  -1.68349042579809e+00
  -1.68624161721509e+00
  -1.68894970746659e+00
  -1.69161463087438e+00
  -1.69423632283615e+00
  -1.69681471982714e+00
  -1.69934975940175e+00
  -1.70184138019510e+00
  -1.70428952192459e+00
  -1.70669412539140e+00
  -1.70905513248205e+00
  -1.71137248616978e+00
  -1.71364613051608e+00
  -1.71587601067205e+00
  -1.71806207287977e+00
  -1.72020426447374e+00
  -1.72230253388213e+00
  -1.72435683062813e+00
  -1.72636710533122e+00
  -1.72833330970839e+00
  -1.73025539657542e+00
  -1.73213331984803e+00
  -1.73396703454306e+00
  -1.73575649677962e+00
  -1.73750166378017e+00
  -1.73920249387164e+00
  -1.74085894648650e+00
  -1.74247098216372e+00
  -1.74403856254983e+00
  -1.74556165039990e+00
  -1.74704020957843e+00
  -1.74847420506032e+00
  -1.74986360293175e+00
  -1.75120837039101e+00
  -1.75250847574938e+00
  -1.75376388843190e+00
  -1.75497457897818e+00
  -1.75614051904311e+00
  -1.75726168139763e+00
  -1.75833803992938e+00
  -1.75936956964341e+00
  -1.76035624666277e+00
  -1.76129804822918e+00
  -1.76219495270354e+00
  -1.76304693956655e+00
  -1.76385398941921e+00
  -1.76461608398330e+00
  -1.76533320610188e+00
  -1.76600533973972e+00
  -1.76663246998372e+00
  -1.76721458304326e+00
  -1.76775166625063e+00
  -1.76824370806128e+00
  -1.76869069805418e+00
  -1.76909262693206e+00
  -1.76944948652167e+00
  -1.76976126977400e+00
  -1.77002797076443e+00
  -1.77024958469296e+00
  -1.77042610788429e+00
  -1.77055753778792e+00
  -1.77064387297827e+00
  -1.77068511315467e+00
  -1.77068125914144e+00
  -1.77063231288784e+00
  -1.77053827746803e+00
  -1.77039915708103e+00
  -1.77021495705062e+00
  -1.76998568382521e+00
  -1.76971134497767e+00
  -1.76939194920522e+00
  -1.76902750632913e+00
  -1.76861802729457e+00
  -1.76816352417030e+00
  -1.76766401014837e+00
  -1.76711949954386e+00
  -1.76653000779447e+00
  -1.76589555146016e+00
  -1.76521614822277e+00
  -1.76449181688559e+00
  -1.76372257737284e+00
  -1.76290845072926e+00
  -1.76204945911955e+00
  -1.76114562582783e+00
  -1.76019697525709e+00
  -1.75920353292856e+00
  -1.75816532548109e+00
  -1.75708238067052e+00
  -1.75595472736896e+00
  -1.75478239556409e+00
  -1.75356541635842e+00
  -1.75230382196854e+00
  -1.75099764572431e+00
  -1.74964692206801e+00
  -1.74825168655352e+00
  -1.74681197584546e+00
  -1.74532782771821e+00
  -1.74379928105505e+00
  -1.74222637584717e+00
  -1.74060915319265e+00
  -1.73894765529548e+00
  -1.73724192546450e+00
  -1.73549200811233e+00
  -1.73369794875425e+00
  -1.73185979400710e+00
  -1.72997759158809e+00
  -1.72805139031364e+00
  -1.72608124009817e+00
  -1.72406719195284e+00
  -1.72200929798428e+00
  -1.71990761139333e+00
  -1.71776218647369e+00
  -1.71557307861055e+00
  -1.71334034427928e+00
  -1.71106404104396e+00
  -1.70874422755597e+00
  -1.70638096355254e+00
  -1.70397430985526e+00
  -1.70152432836856e+00
  -1.69903108207819e+00
  -1.69649463504960e+00
  -1.69391505242641e+00
  -1.69129240042876e+00
  -1.68862674635164e+00
  -1.68591815856326e+00
  -1.68316670650330e+00
  -1.68037246068122e+00
  -1.67753549267449e+00
  -1.67465587512678e+00
  -1.67173368174620e+00
  -1.66876898730342e+00
  -1.66576186762983e+00
  -1.66271239961566e+00
  -1.65962066120803e+00
  -1.65648673140902e+00
  -1.65331069027372e+00
  -1.65009261890823e+00
  -1.64683259946762e+00
  -1.64353071515387e+00
  -1.64018705021386e+00
  -1.63680168993718e+00
  -1.63337472065407e+00
  -1.62990622973327e+00
  -1.62639630557977e+00
  -1.62284503763268e+00
  -1.61925251636297e+00
  -1.61561883327120e+00
  -1.61194408088528e+00
  -1.60822835275810e+00
  -1.60447174346525e+00
  -1.60067434860263e+00
  -1.59683626478409e+00
  -1.59295758963898e+00
  -1.58903842180975e+00
  -1.58507886094949e+00
  -1.58107900771940e+00
  -1.57703896378633e+00
  -1.57295883182020e+00
  -1.56883871549148e+00
  -1.56467871946855e+00
  -1.56047894941514e+00
  -1.55623951198766e+00
  -1.55196051483254e+00
  -1.54764206658356e+00
  -1.54328427685911e+00
  -1.53888725625948e+00
  -1.53445111636409e+00
  -1.52997596972870e+00
  -1.52546192988260e+00
  -1.52090911132577e+00
  -1.51631762952603e+00
  -1.51168760091617e+00
  -1.50701914289099e+00
  -1.50231237380445e+00
  -1.49756741296663e+00
  -1.49278438064081e+00
  -1.48796339804044e+00
  -1.48310458732610e+00
  -1.47820807160249e+00
  -1.47327397491532e+00
  -1.46830242224822e+00
  -1.46329353951963e+00
  -1.45824745357963e+00
  -1.45316429220679e+00
  -1.44804418410499e+00
  -1.44288725890016e+00
  -1.43769364713708e+00
  -1.43246348027613e+00
  -1.42719689068995e+00
  -1.42189401166019e+00
  -1.41655497737414e+00
  -1.41117992292140e+00
  -1.40576898429050e+00
  -1.40032229836550e+00
  -1.39484000292255e+00
  -1.38932223662650e+00
  -1.38376913902737e+00
  -1.37818085055691e+00
  -1.37255751252508e+00
  -1.36689926711648e+00
  -1.36120625738688e+00
  -1.35547862725954e+00
  -1.34971652152171e+00
  -1.34392008582095e+00
  -1.33808946666151e+00
  -1.33222481140065e+00
  -1.32632626824502e+00
  -1.32039398624685e+00
  -1.31442811530033e+00
  -1.30842880613779e+00
  -1.30239621032596e+00
