   1.00000000000000e+00
   1.00501853984568e+00
   1.01006174386843e+00
   1.01512923695938e+00
   1.02022064464298e+00
   1.02533559308021e+00
   1.03047370907178e+00
   1.03563462006131e+00
   1.04081795413857e+00
   1.04602334004274e+00
   1.05125040716564e+00
   1.05649878555502e+00
   1.06176810591783e+00
   1.06705799962349e+00
   1.07236809870726e+00
   1.07769803587352e+00
   1.08304744449908e+00
   1.08841595863661e+00
   1.09380321301790e+00
   1.09920884305731e+00
   1.10463248485509e+00
   1.11007377520085e+00
   1.11553235157687e+00
   1.12100785216159e+00
   1.12649991583303e+00
   1.13200818217219e+00
   1.13753229146653e+00
   1.14307188471340e+00
   1.14862660362356e+00
   1.15419609062461e+00
   1.15977998886449e+00
   1.16537794221498e+00
   1.17098959527522e+00
   1.17661459337519e+00
   1.18225258257927e+00
   1.18790320968976e+00
   1.19356612225040e+00
   1.19924096854995e+00
   1.20492739762571e+00
   1.21062505926712e+00
   1.21633360401931e+00
   1.22205268318667e+00
   1.22778194883645e+00
   1.23352105380236e+00
   1.23926965168811e+00
   1.24502739687111e+00
   1.25079394450597e+00
   1.25656895052821e+00
   1.26235207165782e+00
   1.26814296540290e+00
   1.27394129006331e+00
   1.27974670473429e+00
   1.28555886931010e+00
   1.29137744448765e+00
   1.29720209177019e+00
   1.30303247347092e+00
   1.30886825271668e+00
   1.31470909345159e+00
   1.32055466044071e+00
   1.32640461927374e+00
   1.33225863636864e+00
   1.33811637897534e+00
   1.34397751517941e+00
   1.34984171390573e+00
   1.35570864492216e+00
   1.36157797884324e+00
   1.36744938713387e+00
   1.37332254211299e+00
   1.37919711695726e+00
   1.38507278570476e+00
   1.39094922325866e+00
   1.39682610539095e+00
   1.40270310874608e+00
   1.40857991084465e+00
   1.41445619008716e+00
   1.42033162575762e+00
   1.42620589802731e+00
   1.43207868795842e+00
   1.43794967750774e+00
   1.44381854953038e+00
   1.44968498778343e+00
   1.45554867692966e+00
   1.46140930254118e+00
   1.46726655110313e+00
   1.47312011001737e+00
   1.47896966760616e+00
   1.48481491311582e+00
   1.49065553672039e+00
   1.49649122952535e+00
   1.50232168357121e+00
   1.50814659183726e+00
   1.51396564824516e+00
   1.51977854766264e+00
   1.52558498590711e+00
   1.53138465974937e+00
   1.53717726691720e+00
   1.54296250609903e+00
   1.54874007694755e+00
   1.55450968008339e+00
   1.56027101709869e+00
   1.56602379056077e+00
   1.57176770401570e+00
   1.57750246199196e+00
   1.58322777000401e+00
   1.58894333455591e+00
   1.59464886314490e+00
   1.60034406426499e+00
   1.60602864741056e+00
   1.61170232307992e+00
   1.61736480277886e+00
   1.62301579902425e+00
   1.62865502534757e+00
   1.63428219629848e+00
   1.63989702744830e+00
   1.64549923539364e+00
   1.65108853775983e+00
   1.65666465320449e+00
   1.66222730142104e+00
   1.66777620314216e+00
   1.67331108014333e+00
   1.67883165524629e+00
   1.68433765232251e+00
   1.68982879629665e+00
   1.69530481315004e+00
   1.70076542992413e+00
   1.70621037472389e+00
   1.71163937672126e+00
   1.71705216615858e+00
   1.72244847435198e+00
   1.72782803369480e+00
   1.73319057766093e+00
   1.73853584080825e+00
   1.74386355878194e+00
   1.74917346831788e+00
   1.75446530724596e+00
   1.75973881449343e+00
   1.76499373008824e+00
   1.77022979516230e+00
   1.77544675195483e+00
   1.78064434381561e+00
   1.78582231520829e+00
   1.79098041171361e+00
   1.79611838003270e+00
   1.80123596799027e+00
   1.80633292453786e+00
   1.81140899975706e+00
   1.81646394486269e+00
   1.82149751220600e+00
   1.82650945527784e+00
   1.83149952871181e+00
   1.83646748828742e+00
   1.84141309093321e+00
   1.84633609472989e+00
   1.85123625891341e+00
   1.85611334387810e+00
   1.86096711117968e+00
   1.86579732353838e+00
   1.87060374484196e+00
   1.87538614014875e+00
   1.88014427569066e+00
   1.88487791887618e+00
   1.88958683829339e+00
   1.89427080371289e+00
   1.89892958609080e+00
   1.90356295757167e+00
   1.90817069149142e+00
   1.91275256238025e+00
   1.91730834596551e+00
   1.92183781917459e+00
   1.92634076013781e+00
   1.93081694819121e+00
   1.93526616387940e+00
   1.93968818895840e+00
   1.94408280639836e+00
   1.94844980038642e+00
   1.95278895632942e+00
   1.95710006085663e+00
   1.96138290182251e+00
   1.96563726830941e+00
   1.96986295063024e+00
   1.97405974033113e+00
   1.97822743019414e+00
   1.98236581423983e+00
   1.98647468772991e+00
   1.99055384716984e+00
   1.99460309031137e+00
   1.99862221615517e+00
   2.00261102495332e+00
   2.00656931821182e+00
   2.01049689869315e+00
   2.01439357041871e+00
   2.01825913867131e+00
   2.02209340999760e+00
   2.02589619221050e+00
   2.02966729439162e+00
   2.03340652689361e+00
   2.03711370134259e+00
   2.04078863064044e+00
   2.04443112896716e+00
   2.04804101178314e+00
   2.05161809583150e+00
   2.05516219914032e+00
   2.05867314102490e+00
   2.06215074208995e+00
   2.06559482423185e+00
   2.06900521064081e+00
   2.07238172580301e+00
   2.07572419550276e+00
   2.07903244682463e+00
   2.08230630815552e+00
   2.08554560918677e+00
   2.08875018091619e+00
   2.09191985565010e+00
   2.09505446700535e+00
   2.09815384991130e+00
   2.10121784061180e+00
   2.10424627666710e+00
   2.10723899695583e+00
   2.11019584167687e+00
   2.11311665235121e+00
   2.11600127182384e+00
   2.11884954426557e+00
   2.12166131517485e+00
   2.12443643137953e+00
   2.12717474103865e+00
   2.12987609364419e+00
   2.13254034002277e+00
   2.13516733233734e+00
   2.13775692408888e+00
   2.14030897011803e+00
   2.14282332660671e+00
   2.14529985107974e+00
   2.14773840240641e+00
   2.15013884080204e+00
   2.15250102782949e+00
   2.15482482640070e+00
   2.15711010077814e+00
   2.15935671657631e+00
   2.16156454076312e+00
   2.16373344166134e+00
   2.16586328894999e+00
   2.16795395366568e+00
   2.17000530820395e+00
   2.17201722632060e+00
   2.17398958313294e+00
   2.17592225512111e+00
   2.17781512012927e+00
   2.17966805736685e+00
   2.18148094740968e+00
   2.18325367220124e+00
   2.18498611505372e+00
   2.18667816064918e+00
   2.18832969504061e+00
   2.18994060565302e+00
   2.19151078128444e+00
   2.19304011210698e+00
   2.19452848966776e+00
   2.19597580688993e+00
   2.19738195807355e+00
   2.19874683889653e+00
   2.20007034641552e+00
   2.20135237906673e+00
   2.20259283666681e+00
   2.20379162041360e+00
   2.20494863288696e+00
   2.20606377804951e+00
   2.20713696124731e+00
   2.20816808921064e+00
   2.20915707005461e+00
   2.21010381327985e+00
   2.21100822977307e+00
   2.21187023180775e+00
   2.21268973304462e+00
   2.21346664853224e+00
   2.21420089470753e+00
   2.21489238939620e+00
   2.21554105181330e+00
   2.21614680256358e+00
   2.21670956364190e+00
   2.21722925843368e+00
   2.21770581171518e+00
   2.21813914965384e+00
   2.21852919980864e+00
   2.21887589113027e+00
   2.21917915396148e+00
   2.21943892003722e+00
   2.21965512248486e+00
   2.21982769582438e+00
   2.21995657596845e+00
   2.22004170022258e+00
   2.22008300728521e+00
   2.22008043724771e+00
   2.22003393159447e+00
   2.21994343320285e+00
   2.21980888634319e+00
   2.21963023667872e+00
   2.21940743126549e+00
   2.21914041855228e+00
   2.21882914838042e+00
   2.21847357198366e+00
   2.21807364198793e+00
   2.21762931241119e+00
   2.21714053866310e+00
   2.21660727754479e+00
   2.21602948724854e+00
   2.21540712735745e+00
   2.21474015884508e+00
   2.21402854407504e+00
   2.21327224680060e+00
   2.21247123216424e+00
   2.21162546669713e+00
   2.21073491831872e+00
   2.20979955633610e+00
   2.20881935144354e+00
   2.20779427572184e+00
   2.20672430263772e+00
   2.20560940704324e+00
   2.20444956517503e+00
   2.20324475465368e+00
   2.20199495448296e+00
   2.20070014504908e+00
   2.19936030811990e+00
   2.19797542684415e+00
   2.19654548575054e+00
   2.19507047074692e+00
   2.19355036911939e+00
   2.19198516953134e+00
   2.19037486202256e+00
   2.18871943800817e+00
   2.18701889027770e+00
   2.18527321299399e+00
   2.18348240169214e+00
   2.18164645327844e+00
   2.17976536602920e+00
   2.17783913958965e+00
   2.17586777497270e+00
   2.17385127455781e+00
   2.17178964208967e+00
   2.16968288267699e+00
   2.16753100279119e+00
   2.16533401026510e+00
   2.16309191429154e+00
   2.16080472542205e+00
   2.15847245556537e+00
   2.15609511798611e+00
   2.15367272730321e+00
   2.15120529948847e+00
   2.14869285186505e+00
   2.14613540310591e+00
   2.14353297323223e+00
   2.14088558361180e+00
   2.13819325695740e+00
   2.13545601732514e+00
   2.13267389011276e+00
   2.12984690205792e+00
   2.12697508123645e+00
   2.12405845706058e+00
   2.12109706027714e+00
   2.11809092296573e+00
   2.11504007853685e+00
   2.11194456173004e+00
   2.10880440861195e+00
   2.10561965657437e+00
   2.10239034433232e+00
   2.09911651192200e+00
   2.09579820069881e+00
   2.09243545333523e+00
   2.08902831381882e+00
   2.08557682745003e+00
   2.08208104084014e+00
   2.07854100190902e+00
   2.07495675988300e+00
   2.07132836529260e+00
   2.06765586997031e+00
   2.06393932704832e+00
   2.06017879095618e+00
   2.05637431741850e+00
   2.05252596345259e+00
   2.04863378736604e+00
   2.04469784875436e+00
   2.04071820849849e+00
   2.03669492876234e+00
   2.03262807299031e+00
   2.02851770590477e+00
   2.02436389350348e+00
   2.02016670305703e+00
   2.01592620310623e+00
   2.01164246345947e+00
   2.00731555519008e+00
   2.00294555063362e+00
   1.99853252338518e+00
   1.99407654829662e+00
   1.98957770147383e+00
   1.98503606027390e+00
   1.98045170330234e+00
   1.97582471041016e+00
   1.97115516269109e+00
   1.96644314247859e+00
   1.96168873334298e+00
   1.95689202008844e+00
   1.95205308875006e+00
   1.94717202659080e+00
   1.94224892209849e+00
   1.93728386498274e+00
   1.93227694617185e+00
   1.92722825780973e+00
   1.92213789325270e+00
   1.91700594706637e+00
   1.91183251502244e+00
   1.90661769409546e+00
   1.90136158245958e+00
   1.89606427948533e+00
   1.89072588573625e+00
   1.88534650296563e+00
   1.87992623411309e+00
   1.87446518330129e+00
   1.86896345583247e+00
   1.86342115818503e+00
   1.85783839801009e+00
   1.85221528412801e+00
   1.84655192652490e+00
   1.84084843634907e+00
   1.83510492590747e+00
   1.82932150866214e+00
   1.82349829922659e+00
   1.81763541336218e+00
   1.81173296797444e+00
   1.80579108110944e+00
   1.79980987195004e+00
   1.79378946081217e+00
   1.78772996914110e+00
   1.78163151950765e+00
   1.77549423560439e+00
   1.76931824224179e+00
   1.76310366534441e+00
   1.75685063194699e+00
   1.75055927019058e+00
   1.74422970931859e+00
   1.73786207967285e+00
   1.73145651268966e+00
   1.72501314089575e+00
   1.71853209790432e+00
   1.71201351841093e+00
   1.70545753818950e+00
   1.69886429408816e+00
   1.69223392402519e+00
   1.68556656698483e+00
   1.67886236301318e+00
   1.67212145321394e+00
   1.66534397974429e+00
   1.65853008581060e+00
   1.65167991566418e+00
   1.64479361459704e+00
   1.63787132893755e+00
   1.63091320604617e+00
   1.62391939431104e+00
   1.61689004314368e+00
   1.60982530297456e+00
   1.60272532524870e+00
   1.59559026242124e+00
   1.58842026795298e+00
   1.58121549630590e+00
   1.57397610293870e+00
   1.56670224430220e+00
   1.55939407783489e+00
   1.55205176195827e+00
   1.54467545607237e+00
   1.53726532055104e+00
   1.52982151673739e+00
   1.52234420693912e+00
   1.51483355442385e+00
   1.50728972341441e+00
   1.49971287908416e+00
   1.49210318755224e+00
   1.48446081587881e+00
   1.47678593206028e+00
   1.46907870502453e+00
   1.46133930462605e+00
   1.45356790164117e+00
   1.44576466776314e+00
   1.43792977559730e+00
   1.43006339865615e+00
   1.42216571135447e+00
   1.41423688900433e+00
   1.40627710781019e+00
   1.39828654486391e+00
   1.39026537813972e+00
   1.38221378648926e+00
   1.37413194963651e+00
   1.36602004817275e+00
   1.35787826355147e+00
   1.34970677808333e+00
   1.34150577493100e+00
   1.33327543810405e+00
   1.32501595245380e+00
   1.31672750366817e+00
   1.30841027826650e+00
   1.30006446359431e+00
   1.29169024781813e+00
   1.28328781992023e+00
   1.27485736969338e+00
   1.26639908773558e+00
   1.25791316544475e+00
   1.24939979501345e+00
   1.24085916942355e+00
   1.23229148244086e+00
   1.22369692860981e+00
   1.21507570324804e+00
   1.20642800244103e+00
   1.19775402303669e+00
   1.18905396263991e+00
   1.18032801960715e+00
   1.17157639304096e+00
   1.16279928278450e+00
   1.15399688941607e+00
   1.14516941424358e+00
   1.13631705929906e+00
   1.12744002733306e+00
   1.11853852180916e+00
   1.10961274689837e+00
   1.10066290747355e+00
   1.09168920910380e+00
   1.08269185804885e+00
   1.07367106125343e+00
   1.06462702634164e+00
   1.05555996161124e+00
   1.04647007602805e+00
   1.03735757922020e+00
   1.02822268147244e+00
   1.01906559372043e+00
   1.00988652754502e+00
   1.00068569516647e+00
   9.91463309438727e-01
   9.82219583843631e-01
   9.72954732485127e-01
   9.63668970083472e-01
   9.54362511969420e-01
   9.45035574078395e-01
   9.35688372944650e-01
   9.26321125695415e-01
   9.16934050045032e-01
   9.07527364289080e-01
   8.98101287298477e-01
   8.88656038513589e-01
   8.79191837938303e-01
   8.69708906134109e-01
   8.60207464214158e-01
   8.50687733837311e-01
   8.41149937202179e-01
   8.31594297041150e-01
   8.22021036614398e-01
   8.12430379703896e-01
   8.02822550607402e-01
   7.93197774132445e-01
   7.83556275590294e-01
   7.73898280789919e-01
   7.64224016031942e-01
   7.54533708102575e-01
   7.44827584267552e-01
   7.35105872266047e-01
   7.25368800304583e-01
   7.15616597050931e-01
   7.05849491628004e-01
   6.96067713607734e-01
   6.86271493004944e-01
   6.76461060271210e-01
   6.66636646288716e-01
   6.56798482364096e-01
   6.46946800222268e-01
   6.37081832000264e-01
   6.27203810241046e-01
   6.17312967887318e-01
   6.07409538275323e-01
   5.97493755128642e-01
   5.87565852551978e-01
   5.77626065024931e-01
   5.67674627395772e-01
   5.57711774875206e-01
   5.47737743030123e-01
   5.37752767777352e-01
   5.27757085377400e-01
   5.17750932428184e-01
   5.07734545858766e-01
   4.97708162923065e-01
   4.87672021193579e-01
   4.77626358555091e-01
   4.67571413198369e-01
   4.57507423613867e-01
   4.47434628585414e-01
   4.37353267183898e-01
   4.27263578760943e-01
   4.17165802942589e-01
   4.07060179622958e-01
   3.96946948957915e-01
   3.86826351358731e-01
   3.76698627485735e-01
   3.66564018241964e-01
   3.56422764766806e-01
   3.46275108429644e-01
   3.36121290823492e-01
   3.25961553758622e-01
   3.15796139256201e-01
   3.05625289541909e-01
   2.95449247039564e-01
   2.85268254364739e-01
   2.75082554318376e-01
   2.64892389880398e-01
   2.54698004203317e-01
   2.44499640605841e-01
   2.34297542566477e-01
   2.24091953717129e-01
   2.13883117836700e-01
   2.03671278844685e-01
   1.93456680794769e-01
   1.83239567868412e-01
   1.73020184368448e-01
   1.62798774712669e-01
   1.52575583427411e-01
   1.42350855141145e-01
   1.32124834578059e-01
   1.21897766551640e-01
   1.11669895958263e-01
   1.01441467770768e-01
   9.12127270320459e-02
   8.09839188486176e-02
   7.07552883842173e-02
   6.05270808533731e-02
   5.02995415149890e-02
   4.00729156659268e-02
   2.98474486345880e-02
   1.96233857744971e-02
   9.40097245788500e-03
  -8.19545930726582e-04
  -1.10379240009395e-02
  -2.12539163628924e-02
  -3.14672776336729e-02
  -4.16777624437279e-02
  -5.18851254432725e-02
  -6.20891213086968e-02
  -7.22895047489713e-02
  -8.24860305120494e-02
  -9.26784533912684e-02
  -1.02866528231748e-01
  -1.13050009936784e-01
  -1.23228653474246e-01
  -1.33402213882962e-01
  -1.43570446279107e-01
  -1.53733105862590e-01
  -1.63889947923432e-01
  -1.74040727848140e-01
  -1.84185201126087e-01
  -1.94323123355876e-01
  -2.04454250251709e-01
  -2.14578337649745e-01
  -2.24695141514463e-01
  -2.34804417945007e-01
  -2.44905923181541e-01
  -2.54999413611588e-01
  -2.65084645776373e-01
  -2.75161376377151e-01
  -2.85229362281542e-01
  -2.95288360529847e-01
  -3.05338128341373e-01
  -3.15378423120737e-01
  -3.25409002464180e-01
  -3.35429624165862e-01
  -3.45440046224157e-01
  -3.55440026847943e-01
  -3.65429324462882e-01
  -3.75407697717693e-01
  -3.85374905490425e-01
  -3.95330706894713e-01
  -4.05274861286038e-01
  -4.15207128267968e-01
  -4.25127267698404e-01
  -4.35035039695807e-01
  -4.44930204645426e-01
  -4.54812523205516e-01
  -4.64681756313544e-01
  -4.74537665192392e-01
  -4.84380011356550e-01
  -4.94208556618300e-01
  -5.04023063093891e-01
  -5.13823293209710e-01
  -5.23609009708436e-01
  -5.33379975655193e-01
  -5.43135954443687e-01
  -5.52876709802341e-01
  -5.62602005800416e-01
  -5.72311606854120e-01
  -5.82005277732716e-01
  -5.91682783564609e-01
  -6.01343889843433e-01
  -6.10988362434123e-01
  -6.20615967578973e-01
  -6.30226471903696e-01
  -6.39819642423456e-01
  -6.49395246548906e-01
  -6.58953052092204e-01
  -6.68492827273022e-01
  -6.78014340724543e-01
  -6.87517361499451e-01
  -6.97001659075899e-01
  -7.06467003363479e-01
  -7.15913164709169e-01
  -7.25339913903272e-01
  -7.34747022185347e-01
  -7.44134261250123e-01
  -7.53501403253399e-01
  -7.62848220817938e-01
  -7.72174487039343e-01
  -7.81479975491924e-01
  -7.90764460234546e-01
  -8.00027715816474e-01
  -8.09269517283195e-01
  -8.18489640182229e-01
  -8.27687860568935e-01
  -8.36863955012289e-01
  -8.46017700600661e-01
  -8.55148874947570e-01
  -8.64257256197430e-01
  -8.73342623031279e-01
  -8.82404754672493e-01
  -8.91443430892490e-01
  -9.00458432016414e-01
  -9.09449538928807e-01
  -9.18416533079268e-01
  -9.27359196488091e-01
  -9.36277311751896e-01
  -9.45170662049238e-01
  -9.54039031146204e-01
  -9.62882203401991e-01
  -9.71699963774477e-01
  -9.80492097825762e-01
  -9.89258391727707e-01
  -9.97998632267451e-01
  -1.00671260685291e+00
  -1.01540010351825e+00
  -1.02406091092938e+00
  -1.03269481838940e+00
  -1.04130161584399e+00
  -1.04988109388690e+00
  -1.05843304376530e+00
  -1.06695725738516e+00
  -1.07545352731666e+00
  -1.08392164679951e+00
  -1.09236140974827e+00
  -1.10077261075768e+00
  -1.10915504510796e+00
  -1.11750850877009e+00
  -1.12583279841104e+00
  -1.13412771139906e+00
  -1.14239304580885e+00
  -1.15062860042680e+00
  -1.15883417475619e+00
  -1.16700956902231e+00
  -1.17515458417764e+00
  -1.18326902190699e+00
  -1.19135268463257e+00
  -1.19940537551914e+00
  -1.20742689847902e+00
  -1.21541705817720e+00
  -1.22337566003633e+00
  -1.23130251024175e+00
  -1.23919741574650e+00
  -1.24706018427625e+00
  -1.25489062433432e+00
  -1.26268854520655e+00
  -1.27045375696626e+00
  -1.27818607047909e+00
  -1.28588529740794e+00
  -1.29355125021778e+00
  -1.30118374218048e+00
  -1.30878258737963e+00
  -1.31634760071534e+00
  -1.32387859790899e+00
  -1.33137539550798e+00
  -1.33883781089048e+00
  -1.34626566227008e+00
  -1.35365876870054e+00
  -1.36101695008040e+00
  -1.36834002715763e+00
  -1.37562782153428e+00
  -1.38288015567103e+00
  -1.39009685289179e+00
  -1.39727773738823e+00
  -1.40442263422434e+00
  -1.41153136934090e+00
  -1.41860376956000e+00
  -1.42563966258946e+00
  -1.43263887702732e+00
  -1.43960124236619e+00
  -1.44652658899769e+00
  -1.45341474821682e+00
  -1.46026555222628e+00
  -1.46707883414079e+00
  -1.47385442799143e+00
  -1.48059216872986e+00
  -1.48729189223262e+00
  -1.49395343530532e+00
  -1.50057663568688e+00
  -1.50716133205367e+00
  -1.51370736402371e+00
  -1.52021457216076e+00
  -1.52668279797846e+00
  -1.53311188394439e+00
  -1.53950167348415e+00
  -1.54585201098537e+00
  -1.55216274180173e+00
  -1.55843371225698e+00
  -1.56466476964883e+00
  -1.57085576225293e+00
  -1.57700653932679e+00
  -1.58311695111364e+00
  -1.58918684884627e+00
  -1.59521608475094e+00
  -1.60120451205110e+00
  -1.60715198497122e+00
  -1.61305835874057e+00
  -1.61892348959688e+00
  -1.62474723479011e+00
  -1.63052945258613e+00
  -1.63627000227031e+00
  -1.64196874415123e+00
  -1.64762553956422e+00
  -1.65324025087498e+00
  -1.65881274148309e+00
  -1.66434287582557e+00
  -1.66983051938035e+00
  -1.67527553866975e+00
  -1.68067780126394e+00
  -1.68603717578431e+00
  -1.69135353190692e+00
  -1.69662674036581e+00
  -1.70185667295637e+00
  -1.70704320253864e+00
  -1.71218620304058e+00
  -1.71728554946136e+00
  -1.72234111787452e+00
  -1.72735278543124e+00
  -1.73232043036349e+00
  -1.73724393198714e+00
  -1.74212317070513e+00
  -1.74695802801052e+00
  -1.75174838648957e+00
  -1.75649412982479e+00
  -1.76119514279790e+00
  -1.76585131129284e+00
  -1.77046252229873e+00
  -1.77502866391276e+00
  -1.77954962534310e+00
  -1.78402529691178e+00
  -1.78845557005749e+00
  -1.79284033733844e+00
  -1.79717949243507e+00
  -1.80147293015288e+00
  -1.80572054642508e+00
  -1.80992223831536e+00
  -1.81407790402047e+00
  -1.81818744287293e+00
  -1.82225075534360e+00
  -1.82626774304426e+00
  -1.83023830873017e+00
  -1.83416235630260e+00
  -1.83803979081128e+00
  -1.84187051845693e+00
  -1.84565444659361e+00
  -1.84939148373121e+00
  -1.85308153953775e+00
  -1.85672452484177e+00
  -1.86032035163463e+00
  -1.86386893307281e+00
  -1.86737018348014e+00
  -1.87082401835005e+00
  -1.87423035434775e+00
  -1.87758910931242e+00
  -1.88090020225931e+00
  -1.88416355338190e+00
  -1.88737908405393e+00
  -1.89054671683147e+00
  -1.89366637545494e+00
  -1.89673798485108e+00
  -1.89976147113493e+00
  -1.90273676161174e+00
  -1.90566378477888e+00
  -1.90854247032769e+00
  -1.91137274914535e+00
  -1.91415455331664e+00
  -1.91688781612575e+00
  -1.91957247205801e+00
  -1.92220845680162e+00
  -1.92479570724933e+00
  -1.92733416150006e+00
  -1.92982375886059e+00
  -1.93226443984709e+00
  -1.93465614618672e+00
  -1.93699882081915e+00
  -1.93929240789804e+00
  -1.94153685279255e+00
  -1.94373210208876e+00
  -1.94587810359108e+00
  -1.94797480632360e+00
  -1.95002216053149e+00
  -1.95202011768227e+00
  -1.95396863046713e+00
  -1.95586765280215e+00
  -1.95771713982954e+00
  -1.95951704791883e+00
  -1.96126733466804e+00
  -1.96296795890479e+00
  -1.96461888068742e+00
  -1.96622006130603e+00
  -1.96777146328354e+00
  -1.96927305037669e+00
  -1.97072478757699e+00
  -1.97212664111171e+00
  -1.97347857844475e+00
  -1.97478056827753e+00
  -1.97603258054984e+00
  -1.97723458644065e+00
  -1.97838655836893e+00
  -1.97948846999435e+00
  -1.98054029621804e+00
  -1.98154201318328e+00
  -1.98249359827614e+00
  -1.98339503012613e+00
  -1.98424628860678e+00
  -1.98504735483620e+00
  -1.98579821117767e+00
  -1.98649884124005e+00
  -1.98714922987834e+00
  -1.98774936319405e+00
  -1.98829922853566e+00
  -1.98879881449897e+00
  -1.98924811092744e+00
  -1.98964710891252e+00
  -1.98999580079394e+00
  -1.99029418015993e+00
  -1.99054224184746e+00
  -1.99073998194241e+00
  -1.99088739777975e+00
  -1.99098448794365e+00
  -1.99103125226759e+00
  -1.99102769183437e+00
  -1.99097380897620e+00
  -1.99086960727466e+00
  -1.99071509156069e+00
  -1.99051026791451e+00
  -1.99025514366552e+00
  -1.98994972739217e+00
  -1.98959402892182e+00
  -1.98918805933054e+00
  -1.98873183094287e+00
  -1.98822535733159e+00
  -1.98766865331740e+00
  -1.98706173496864e+00
  -1.98640461960093e+00
  -1.98569732577677e+00
  -1.98493987330514e+00
  -1.98413228324107e+00
  -1.98327457788514e+00
  -1.98236678078299e+00
  -1.98140891672477e+00
  -1.98040101174459e+00
  -1.97934309311989e+00
  -1.97823518937084e+00
  -1.97707733025964e+00
  -1.97586954678986e+00
  -1.97461187120570e+00
  -1.97330433699121e+00
  -1.97194697886954e+00
  -1.97053983280209e+00
  -1.96908293598768e+00
  -1.96757632686164e+00
  -1.96602004509492e+00
  -1.96441413159312e+00
  -1.96275862849557e+00
  -1.96105357917423e+00
  -1.95929902823273e+00
  -1.95749502150528e+00
  -1.95564160605554e+00
  -1.95373883017552e+00
  -1.95178674338442e+00
  -1.94978539642739e+00
  -1.94773484127436e+00
  -1.94563513111876e+00
  -1.94348632037623e+00
  -1.94128846468332e+00
  -1.93904162089611e+00
  -1.93674584708885e+00
  -1.93440120255257e+00
  -1.93200774779360e+00
  -1.92956554453213e+00
  -1.92707465570068e+00
  -1.92453514544260e+00
  -1.92194707911048e+00
  -1.91931052326458e+00
  -1.91662554567117e+00
  -1.91389221530093e+00
  -1.91111060232719e+00
