   1.00000000000000e+00
   1.00273710427613e+00
   1.00549906518054e+00
   1.00828555165734e+00
   1.01109623332355e+00
   1.01393078047122e+00
   1.01678886406971e+00
   1.01967015576788e+00
   1.02257432789633e+00
   1.02550105346964e+00
   1.02845000618860e+00
   1.03142086044254e+00
   1.03441329131151e+00
   1.03742697456864e+00
   1.04046158668240e+00
   1.04351680481890e+00
   1.04659230684421e+00
   1.04968777132666e+00
   1.05280287753919e+00
   1.05593730546170e+00
   1.05909073578334e+00
   1.06226284990493e+00
   1.06545332994128e+00
   1.06866185872357e+00
   1.07188811980173e+00
   1.07513179744683e+00
   1.07839257665346e+00
   1.08167014314214e+00
   1.08496418336173e+00
   1.08827438449184e+00
   1.09160043444522e+00
   1.09494202187027e+00
   1.09829883615336e+00
   1.10167056742139e+00
   1.10505690654412e+00
   1.10845754513672e+00
   1.11187217556216e+00
   1.11530049093371e+00
   1.11874218511739e+00
   1.12219695273445e+00
   1.12566448916385e+00
   1.12914449054475e+00
   1.13263665377897e+00
   1.13614067653352e+00
   1.13965625724307e+00
   1.14318309511246e+00
   1.14672089011920e+00
   1.15026934301599e+00
   1.15382815533322e+00
   1.15739702938151e+00
   1.16097566825419e+00
   1.16456377582984e+00
   1.16816105677484e+00
   1.17176721654586e+00
   1.17538196139241e+00
   1.17900499835938e+00
   1.18263603528955e+00
   1.18627478082617e+00
   1.18992094441545e+00
   1.19357423630913e+00
   1.19723436756704e+00
   1.20090105005960e+00
   1.20457399647040e+00
   1.20825292029874e+00
   1.21193753586218e+00
   1.21562755829907e+00
   1.21932270357114e+00
   1.22302268846600e+00
   1.22672723059974e+00
   1.23043604841945e+00
   1.23414886120578e+00
   1.23786538907548e+00
   1.24158535298399e+00
   1.24530847472793e+00
   1.24903447694772e+00
   1.25276308313005e+00
   1.25649401761051e+00
   1.26022700557607e+00
   1.26396177306766e+00
   1.26769804698273e+00
   1.27143555507774e+00
   1.27517402597075e+00
   1.27891318914395e+00
   1.28265277494618e+00
   1.28639251459549e+00
   1.29013214018166e+00
   1.29387138466871e+00
   1.29760998189749e+00
   1.30134766658813e+00
   1.30508417434263e+00
   1.30881924164733e+00
   1.31255260587545e+00
   1.31628400528962e+00
   1.32001317904435e+00
   1.32373986718856e+00
   1.32746381066809e+00
   1.33118475132819e+00
   1.33490243191600e+00
   1.33861659608307e+00
   1.34232698838782e+00
   1.34603335429804e+00
   1.34973544019336e+00
   1.35343299336771e+00
   1.35712576203182e+00
   1.36081349531566e+00
   1.36449594327087e+00
   1.36817285687328e+00
   1.37184398802530e+00
   1.37550908955838e+00
   1.37916791523544e+00
   1.38282021975331e+00
   1.38646575874515e+00
   1.39010428878283e+00
   1.39373556737943e+00
   1.39735935299154e+00
   1.40097540502172e+00
   1.40458348382087e+00
   1.40818335069064e+00
   1.41177476788576e+00
   1.41535749861646e+00
   1.41893130705077e+00
   1.42249595831696e+00
   1.42605121850581e+00
   1.42959685467299e+00
   1.43313263484138e+00
   1.43665832800340e+00
   1.44017370412331e+00
   1.44367853413954e+00
   1.44717258996699e+00
   1.45065564449927e+00
   1.45412747161107e+00
   1.45758784616035e+00
   1.46103654399067e+00
   1.46447334193338e+00
   1.46789801780992e+00
   1.47131035043406e+00
   1.47471011961407e+00
   1.47809710615499e+00
   1.48147109186084e+00
   1.48483185953678e+00
   1.48817919299134e+00
   1.49151287703855e+00
   1.49483269750019e+00
   1.49813844120786e+00
   1.50142989600519e+00
   1.50470685074992e+00
   1.50796909531611e+00
   1.51121642059618e+00
   1.51444861850305e+00
   1.51766548197222e+00
   1.52086680496389e+00
   1.52405238246498e+00
   1.52722201049122e+00
   1.53037548608921e+00
   1.53351260733843e+00
   1.53663317335328e+00
   1.53973698428510e+00
   1.54282384132418e+00
   1.54589354670171e+00
   1.54894590369182e+00
   1.55198071661348e+00
   1.55499779083250e+00
   1.55799693276348e+00
   1.56097794987169e+00
   1.56394065067501e+00
   1.56688484474587e+00
   1.56981034271307e+00
   1.57271695626371e+00
   1.57560449814506e+00
   1.57847278216635e+00
   1.58132162320068e+00
   1.58415083718679e+00
   1.58696024113091e+00
   1.58974965310853e+00
   1.59251889226620e+00
   1.59526777882329e+00
   1.59799613407374e+00
   1.60070378038781e+00
   1.60339054121383e+00
   1.60605624107986e+00
   1.60870070559544e+00
   1.61132376145322e+00
   1.61392523643071e+00
   1.61650495939184e+00
   1.61906276028868e+00
   1.62159847016301e+00
   1.62411192114795e+00
   1.62660294646958e+00
   1.62907138044848e+00
   1.63151705850130e+00
   1.63393981714235e+00
   1.63633949398507e+00
   1.63871592774361e+00
   1.64106895823430e+00
   1.64339842637712e+00
   1.64570417419723e+00
   1.64798604482636e+00
   1.65024388250428e+00
   1.65247753258024e+00
   1.65468684151434e+00
   1.65687165687894e+00
   1.65903182736004e+00
   1.66116720275862e+00
   1.66327763399201e+00
   1.66536297309519e+00
   1.66742307322208e+00
   1.66945778864688e+00
   1.67146697476534e+00
   1.67345048809594e+00
   1.67540818628125e+00
   1.67733992808904e+00
   1.67924557341358e+00
   1.68112498327676e+00
   1.68297801982929e+00
   1.68480454635187e+00
   1.68660442725628e+00
   1.68837752808654e+00
   1.69012371552002e+00
   1.69184285736847e+00
   1.69353482257912e+00
   1.69519948123576e+00
   1.69683670455969e+00
   1.69844636491080e+00
   1.70002833578855e+00
   1.70158249183291e+00
   1.70310870882536e+00
   1.70460686368982e+00
   1.70607683449354e+00
   1.70751850044805e+00
   1.70893174190999e+00
   1.71031644038202e+00
   1.71167247851365e+00
   1.71299974010207e+00
   1.71429811009294e+00
   1.71556747458120e+00
   1.71680772081185e+00
   1.71801873718066e+00
   1.71920041323496e+00
   1.72035263967430e+00
   1.72147530835118e+00
   1.72256831227172e+00
   1.72363154559628e+00
   1.72466490364016e+00
   1.72566828287416e+00
   1.72664158092521e+00
   1.72758469657694e+00
   1.72849752977022e+00
   1.72937998160373e+00
   1.73023195433445e+00
   1.73105335137820e+00
   1.73184407731005e+00
   1.73260403786487e+00
   1.73333313993767e+00
   1.73403129158411e+00
   1.73469840202085e+00
   1.73533438162593e+00
   1.73593914193913e+00
   1.73651259566235e+00
   1.73705465665986e+00
   1.73756523995865e+00
   1.73804426174870e+00
   1.73849163938323e+00
   1.73890729137891e+00
   1.73929113741613e+00
   1.73964309833917e+00
   1.73996309615636e+00
   1.74025105404026e+00
   1.74050689632779e+00
   1.74073054852033e+00
   1.74092193728383e+00
   1.74108099044885e+00
   1.74120763701068e+00
   1.74130180712928e+00
   1.74136343212935e+00
   1.74139244450032e+00
   1.74138877789629e+00
   1.74135236713596e+00
   1.74128314820264e+00
   1.74118105824404e+00
   1.74104603557224e+00
   1.74087801966353e+00
   1.74067695115822e+00
   1.74044277186049e+00
   1.74017542473820e+00
   1.73987485392263e+00
   1.73954100470826e+00
   1.73917382355249e+00
   1.73877325807537e+00
   1.73833925705930e+00
   1.73787177044865e+00
   1.73737074934947e+00
   1.73683614602908e+00
   1.73626791391568e+00
   1.73566600759795e+00
   1.73503038282460e+00
   1.73436099650391e+00
   1.73365780670325e+00
   1.73292077264859e+00
   1.73214985472397e+00
   1.73134501447093e+00
   1.73050621458799e+00
   1.72963341893002e+00
   1.72872659250765e+00
   1.72778570148663e+00
   1.72681071318718e+00
   1.72580159608331e+00
   1.72475831980213e+00
   1.72368085512311e+00
   1.72256917397737e+00
   1.72142324944690e+00
   1.72024305576377e+00
   1.71902856830931e+00
   1.71777976361333e+00
   1.71649661935321e+00
   1.71517911435309e+00
   1.71382722858291e+00
   1.71244094315753e+00
   1.71102024033581e+00
   1.70956510351958e+00
   1.70807551725275e+00
   1.70655146722024e+00
   1.70499294024696e+00
   1.70339992429679e+00
   1.70177240847150e+00
   1.70011038300964e+00
   1.69841383928543e+00
   1.69668276980765e+00
   1.69491716821847e+00
   1.69311702929223e+00
   1.69128234893431e+00
   1.68941312417984e+00
   1.68750935319249e+00
   1.68557103526321e+00
   1.68359817080890e+00
   1.68159076137114e+00
   1.67954880961482e+00
   1.67747231932683e+00
   1.67536129541462e+00
   1.67321574390485e+00
   1.67103567194197e+00
   1.66882108778674e+00
   1.66657200081478e+00
   1.66428842151511e+00
   1.66197036148859e+00
   1.65961783344644e+00
   1.65723085120864e+00
   1.65480942970239e+00
   1.65235358496050e+00
   1.64986333411978e+00
   1.64733869541938e+00
   1.64477968819914e+00
   1.64218633289791e+00
   1.63955865105183e+00
   1.63689666529263e+00
   1.63420039934584e+00
   1.63146987802905e+00
   1.62870512725012e+00
   1.62590617400532e+00
   1.62307304637756e+00
   1.62020577353449e+00
   1.61730438572661e+00
   1.61436891428541e+00
   1.61139939162140e+00
   1.60839585122223e+00
   1.60535832765064e+00
   1.60228685654254e+00
   1.59918147460498e+00
   1.59604221961410e+00
   1.59286913041310e+00
   1.58966224691017e+00
   1.58642161007639e+00
   1.58314726194358e+00
   1.57983924560223e+00
   1.57649760519928e+00
   1.57312238593597e+00
   1.56971363406564e+00
   1.56627139689148e+00
   1.56279572276433e+00
   1.55928666108036e+00
   1.55574426227885e+00
   1.55216857783981e+00
   1.54855966028173e+00
   1.54491756315915e+00
   1.54124234106036e+00
   1.53753404960495e+00
   1.53379274544145e+00
   1.53001848624487e+00
   1.52621133071423e+00
   1.52237133857013e+00
   1.51849857055220e+00
   1.51459308841664e+00
   1.51065495493365e+00
   1.50668423388486e+00
   1.50268099006080e+00
   1.49864528925824e+00
   1.49457719827763e+00
   1.49047678492041e+00
   1.48634411798641e+00
   1.48217926727108e+00
   1.47798230356288e+00
   1.47375329864052e+00
   1.46949232527021e+00
   1.46519945720290e+00
   1.46087476917152e+00
   1.45651833688817e+00
   1.45213023704127e+00
   1.44771054729278e+00
   1.44325934627525e+00
   1.43877671358904e+00
   1.43426272979933e+00
   1.42971747643326e+00
   1.42514103597695e+00
   1.42053349187255e+00
   1.41589492851528e+00
   1.41122543125042e+00
   1.40652508637025e+00
   1.40179398111109e+00
   1.39703220365017e+00
   1.39223984310259e+00
   1.38741698951821e+00
   1.38256373387854e+00
   1.37768016809361e+00
   1.37276638499879e+00
   1.36782247835166e+00
   1.36284854282876e+00
   1.35784467402244e+00
   1.35281096843759e+00
   1.34774752348839e+00
   1.34265443749508e+00
   1.33753180968062e+00
   1.33237974016743e+00
   1.32719832997404e+00
   1.32198768101175e+00
   1.31674789608130e+00
   1.31147907886943e+00
   1.30618133394556e+00
   1.30085476675831e+00
   1.29549948363208e+00
   1.29011559176363e+00
   1.28470319921859e+00
   1.27926241492794e+00
   1.27379334868458e+00
   1.26829611113972e+00
   1.26277081379940e+00
   1.25721756902091e+00
   1.25163649000922e+00
   1.24602769081338e+00
   1.24039128632289e+00
   1.23472739226411e+00
   1.22903612519659e+00
   1.22331760250942e+00
   1.21757194241751e+00
   1.21179926395796e+00
   1.20599968698628e+00
   1.20017333217270e+00
   1.19432032099840e+00
   1.18844077575177e+00
   1.18253481952457e+00
   1.17660257620822e+00
   1.17064417048991e+00
   1.16465972784880e+00
   1.15864937455215e+00
   1.15261323765151e+00
   1.14655144497876e+00
   1.14046412514229e+00
   1.13435140752303e+00
   1.12821342227054e+00
   1.12205030029910e+00
   1.11586217328367e+00
   1.10964917365601e+00
   1.10341143460061e+00
   1.09714909005072e+00
   1.09086227468433e+00
   1.08455112392009e+00
   1.07821577391333e+00
   1.07185636155192e+00
   1.06547302445223e+00
   1.05906590095499e+00
   1.05263513012123e+00
   1.04618085172812e+00
   1.03970320626481e+00
   1.03320233492830e+00
   1.02667837961927e+00
   1.02013148293787e+00
   1.01356178817951e+00
   1.00696943933069e+00
   1.00035458106474e+00
   9.93717358737551e-01
   9.87057918383365e-01
   9.80376406710472e-01
   9.73672971096930e-01
   9.66947759586266e-01
   9.60200920883161e-01
   9.53432604349122e-01
   9.46642959998141e-01
   9.39832138492342e-01
   9.33000291137612e-01
   9.26147569879219e-01
   9.19274127297417e-01
   9.12380116603043e-01
   9.05465691633093e-01
   8.98531006846289e-01
   8.91576217318637e-01
   8.84601478738964e-01
   8.77606947404450e-01
   8.70592780216144e-01
   8.63559134674466e-01
   8.56506168874705e-01
   8.49434041502492e-01
   8.42342911829273e-01
   8.35232939707761e-01
   8.28104285567386e-01
   8.20957110409719e-01
   8.13791575803901e-01
   8.06607843882047e-01
   7.99406077334645e-01
   7.92186439405944e-01
   7.84949093889329e-01
   7.77694205122682e-01
   7.70421937983738e-01
   7.63132457885429e-01
   7.55825930771210e-01
   7.48502523110384e-01
   7.41162401893412e-01
   7.33805734627210e-01
   7.26432689330438e-01
   7.19043434528785e-01
   7.11638139250231e-01
   7.04216973020306e-01
   6.96780105857343e-01
   6.89327708267715e-01
   6.81859951241063e-01
   6.74377006245516e-01
   6.66879045222902e-01
   6.59366240583945e-01
   6.51838765203464e-01
   6.44296792415545e-01
   6.36740496008721e-01
   6.29170050221133e-01
   6.21585629735688e-01
   6.13987409675200e-01
   6.06375565597532e-01
   5.98750273490724e-01
   5.91111709768113e-01
   5.83460051263447e-01
   5.75795475225986e-01
   5.68118159315600e-01
   5.60428281597858e-01
   5.52726020539107e-01
   5.45011555001542e-01
   5.37285064238276e-01
   5.29546727888394e-01
   5.21796725972000e-01
   5.14035238885265e-01
   5.06262447395459e-01
   4.98478532635981e-01
   4.90683676101377e-01
   4.82878059642358e-01
   4.75061865460804e-01
   4.67235276104768e-01
   4.59398474463471e-01
   4.51551643762286e-01
   4.43694967557722e-01
   4.35828629732402e-01
   4.27952814490028e-01
   4.20067706350348e-01
   4.12173490144112e-01
   4.04270351008026e-01
   3.96358474379697e-01
   3.88438045992572e-01
   3.80509251870879e-01
   3.72572278324553e-01
   3.64627311944163e-01
   3.56674539595832e-01
   3.48714148416152e-01
   3.40746325807097e-01
   3.32771259430925e-01
   3.24789137205083e-01
   3.16800147297103e-01
   3.08804478119494e-01
   3.00802318324631e-01
   2.92793856799640e-01
   2.84779282661280e-01
   2.76758785250816e-01
   2.68732554128895e-01
   2.60700779070416e-01
   2.52663650059394e-01
   2.44621357283823e-01
   2.36574091130538e-01
   2.28522042180069e-01
   2.20465401201494e-01
   2.12404359147291e-01
   2.04339107148187e-01
   1.96269836508000e-01
   1.88196738698484e-01
   1.80120005354168e-01
   1.72039828267195e-01
   1.63956399382159e-01
   1.55869910790937e-01
   1.47780554727520e-01
   1.39688523562846e-01
   1.31594009799628e-01
   1.23497206067179e-01
   1.15398305116241e-01
   1.07297499813806e-01
   9.91949831379412e-02
   9.10909481726097e-02
   8.29855881024932e-02
   7.48790962078117e-02
   6.67716658591430e-02
   5.86634905122420e-02
   5.05547637028594e-02
   4.24456790415600e-02
   3.43364302085412e-02
   2.62272109484506e-02
   1.81182150652045e-02
   1.00096364168060e-02
   1.90166891016379e-03
  -6.20549350408902e-03
  -1.43116568367753e-02
  -2.24166270653535e-02
  -3.05202101390972e-02
  -3.86222119842726e-02
  -4.67224385093160e-02
  -5.48206956100099e-02
  -6.29167891746573e-02
  -7.10105250892553e-02
  -7.91017092426667e-02
  -8.71901475317904e-02
  -9.52756458667298e-02
  -1.03358010175959e-01
  -1.11437046411488e-01
  -1.19512560554025e-01
  -1.27584358618134e-01
  -1.35652246657399e-01
  -1.43716030769573e-01
  -1.51775517101731e-01
  -1.59830511855427e-01
  -1.67880821291831e-01
  -1.75926251736883e-01
  -1.83966609586426e-01
  -1.92001701311349e-01
  -2.00031333462719e-01
  -2.08055312676915e-01
  -2.16073445680751e-01
  -2.24085539296603e-01
  -2.32091400447529e-01
  -2.40090836162384e-01
  -2.48083653580931e-01
  -2.56069659958953e-01
  -2.64048662673350e-01
  -2.72020469227243e-01
  -2.79984887255068e-01
  -2.87941724527664e-01
  -2.95890788957357e-01
  -3.03831888603045e-01
  -3.11764831675268e-01
  -3.19689426541281e-01
  -3.27605481730118e-01
  -3.35512805937648e-01
  -3.43411208031636e-01
  -3.51300497056783e-01
  -3.59180482239773e-01
  -3.67050972994309e-01
  -3.74911778926144e-01
  -3.82762709838101e-01
  -3.90603575735099e-01
  -3.98434186829156e-01
  -4.06254353544400e-01
  -4.14063886522069e-01
  -4.21862596625495e-01
  -4.29650294945098e-01
  -4.37426792803361e-01
  -4.45191901759798e-01
  -4.52945433615923e-01
  -4.60687200420202e-01
  -4.68417014473008e-01
  -4.76134688331556e-01
  -4.83840034814843e-01
  -4.91532867008569e-01
  -4.99212998270060e-01
  -5.06880242233175e-01
  -5.14534412813209e-01
  -5.22175324211791e-01
  -5.29802790921761e-01
  -5.37416627732056e-01
  -5.45016649732573e-01
  -5.52602672319032e-01
  -5.60174511197824e-01
  -5.67731982390855e-01
  -5.75274902240380e-01
  -5.82803087413825e-01
  -5.90316354908600e-01
  -5.97814522056909e-01
  -6.05297406530542e-01
  -6.12764826345660e-01
  -6.20216599867575e-01
  -6.27652545815514e-01
  -6.35072483267376e-01
  -6.42476231664475e-01
  -6.49863610816285e-01
  -6.57234440905154e-01
  -6.64588542491029e-01
  -6.71925736516155e-01
  -6.79245844309774e-01
  -6.86548687592802e-01
  -6.93834088482507e-01
  -7.01101869497169e-01
  -7.08351853560730e-01
  -7.15583864007432e-01
  -7.22797724586447e-01
  -7.29993259466492e-01
  -7.37170293240435e-01
  -7.44328650929887e-01
  -7.51468157989784e-01
  -7.58588640312958e-01
  -7.65689924234692e-01
  -7.72771836537266e-01
  -7.79834204454492e-01
  -7.86876855676234e-01
  -7.93899618352917e-01
  -8.00902321100021e-01
  -8.07884793002568e-01
  -8.14846863619588e-01
  -8.21788362988581e-01
  -8.28709121629961e-01
  -8.35608970551485e-01
  -8.42487741252674e-01
  -8.49345265729218e-01
  -8.56181376477369e-01
  -8.62995906498316e-01
  -8.69788689302553e-01
  -8.76559558914230e-01
  -8.83308349875489e-01
  -8.90034897250786e-01
  -8.96739036631204e-01
  -9.03420604138748e-01
  -9.10079436430623e-01
  -9.16715370703501e-01
  -9.23328244697778e-01
  -9.29917896701806e-01
  -9.36484165556121e-01
  -9.43026890657648e-01
  -9.49545911963895e-01
  -9.56041069997135e-01
  -9.62512205848565e-01
  -9.68959161182457e-01
  -9.75381778240294e-01
  -9.81779899844880e-01
  -9.88153369404453e-01
  -9.94502030916762e-01
  -1.00082572897315e+00
  -1.00712430876259e+00
  -1.01339761607575e+00
  -1.01964549730900e+00
  -1.02586779946842e+00
  -1.03206437017381e+00
  -1.03823505766263e+00
  -1.04437971079400e+00
  -1.05049817905262e+00
  -1.05659031255270e+00
  -1.06265596204186e+00
  -1.06869497890505e+00
  -1.07470721516840e+00
  -1.08069252350308e+00
  -1.08665075722918e+00
  -1.09258177031948e+00
  -1.09848541740330e+00
  -1.10436155377028e+00
  -1.11021003537413e+00
  -1.11603071883642e+00
  -1.12182346145032e+00
  -1.12758812118429e+00
  -1.13332455668581e+00
  -1.13903262728504e+00
  -1.14471219299852e+00
  -1.15036311453280e+00
  -1.15598525328808e+00
  -1.16157847136182e+00
  -1.16714263155233e+00
  -1.17267759736237e+00
  -1.17818323300266e+00
  -1.18365940339548e+00
  -1.18910597417816e+00
  -1.19452281170659e+00
  -1.19990978305869e+00
  -1.20526675603790e+00
  -1.21059359917660e+00
  -1.21589018173958e+00
  -1.22115637372740e+00
  -1.22639204587980e+00
  -1.23159706967909e+00
  -1.23677131735347e+00
  -1.24191466188037e+00
  -1.24702697698977e+00
  -1.25210813716752e+00
  -1.25715801765853e+00
  -1.26217649447011e+00
  -1.26716344437517e+00
  -1.27211874491543e+00
  -1.27704227440461e+00
  -1.28193391193161e+00
  -1.28679353736369e+00
  -1.29162103134955e+00
  -1.29641627532248e+00
  -1.30117915150347e+00
  -1.30590954290422e+00
  -1.31060733333025e+00
  -1.31527240738393e+00
  -1.31990465046743e+00
  -1.32450394878580e+00
  -1.32907018934985e+00
  -1.33360325997919e+00
  -1.33810304930506e+00
  -1.34256944677333e+00
  -1.34700234264732e+00
  -1.35140162801069e+00
  -1.35576719477029e+00
  -1.36009893565896e+00
  -1.36439674423837e+00
  -1.36866051490175e+00
  -1.37289014287669e+00
  -1.37708552422785e+00
  -1.38124655585970e+00
  -1.38537313551917e+00
  -1.38946516179839e+00
  -1.39352253413728e+00
  -1.39754515282620e+00
  -1.40153291900856e+00
  -1.40548573468339e+00
  -1.40940350270795e+00
  -1.41328612680018e+00
  -1.41713351154132e+00
  -1.42094556237832e+00
  -1.42472218562639e+00
  -1.42846328847138e+00
  -1.43216877897227e+00
  -1.43583856606352e+00
  -1.43947255955751e+00
  -1.44307067014687e+00
  -1.44663280940682e+00
  -1.45015888979748e+00
  -1.45364882466620e+00
  -1.45710252824979e+00
  -1.46051991567678e+00
  -1.46390090296965e+00
  -1.46724540704706e+00
  -1.47055334572595e+00
  -1.47382463772379e+00
  -1.47705920266066e+00
  -1.48025696106135e+00
  -1.48341783435750e+00
  -1.48654174488960e+00
  -1.48962861590907e+00
  -1.49267837158030e+00
  -1.49569093698256e+00
  -1.49866623811206e+00
  -1.50160420188384e+00
  -1.50450475613373e+00
  -1.50736782962021e+00
  -1.51019335202633e+00
  -1.51298125396153e+00
  -1.51573146696348e+00
  -1.51844392349987e+00
  -1.52111855697024e+00
  -1.52375530170767e+00
  -1.52635409298057e+00
  -1.52891486699434e+00
  -1.53143756089311e+00
  -1.53392211276135e+00
  -1.53636846162554e+00
  -1.53877654745578e+00
  -1.54114631116736e+00
  -1.54347769462236e+00
  -1.54577064063115e+00
  -1.54802509295393e+00
  -1.55024099630223e+00
  -1.55241829634036e+00
  -1.55455693968686e+00
  -1.55665687391593e+00
  -1.55871804755881e+00
  -1.56074041010516e+00
  -1.56272391200441e+00
  -1.56466850466706e+00
  -1.56657414046601e+00
  -1.56844077273781e+00
  -1.57026835578391e+00
  -1.57205684487190e+00
  -1.57380619623668e+00
  -1.57551636708166e+00
  -1.57718731557992e+00
  -1.57881900087528e+00
  -1.58041138308347e+00
  -1.58196442329315e+00
  -1.58347808356698e+00
  -1.58495232694268e+00
  -1.58638711743395e+00
  -1.58778242003155e+00
  -1.58913820070415e+00
  -1.59045442639933e+00
  -1.59173106504445e+00
  -1.59296808554752e+00
  -1.59416545779808e+00
  -1.59532315266799e+00
  -1.59644114201226e+00
  -1.59751939866982e+00
  -1.59855789646427e+00
  -1.59955661020459e+00
  -1.60051551568588e+00
  -1.60143458968997e+00
  -1.60231380998617e+00
  -1.60315315533180e+00
  -1.60395260547283e+00
  -1.60471214114448e+00
  -1.60543174407172e+00
  -1.60611139696985e+00
  -1.60675108354494e+00
  -1.60735078849437e+00
  -1.60791049750721e+00
  -1.60843019726471e+00
  -1.60890987544066e+00
  -1.60934952070177e+00
  -1.60974912270805e+00
  -1.61010867211306e+00
  -1.61042816056429e+00
  -1.61070758070340e+00
  -1.61094692616646e+00
  -1.61114619158416e+00
  -1.61130537258205e+00
  -1.61142446578068e+00
  -1.61150346879576e+00
  -1.61154238023827e+00
  -1.61154119971457e+00
  -1.61149992782647e+00
  -1.61141856617124e+00
  -1.61129711734169e+00
  -1.61113558492613e+00
  -1.61093397350834e+00
  -1.61069228866752e+00
  -1.61041053697821e+00
  -1.61008872601018e+00
  -1.60972686432830e+00
  -1.60932496149240e+00
  -1.60888302805706e+00
  -1.60840107557142e+00
  -1.60787911657894e+00
  -1.60731716461716e+00
  -1.60671523421738e+00
  -1.60607334090441e+00
  -1.60539150119618e+00
  -1.60466973260340e+00
  -1.60390805362921e+00
  -1.60310648376871e+00
  -1.60226504350858e+00
  -1.60138375432660e+00
  -1.60046263869115e+00
  -1.59950172006073e+00
  -1.59850102288342e+00
  -1.59746057259629e+00
  -1.59638039562486e+00
  -1.59526051938246e+00
  -1.59410097226961e+00
  -1.59290178367335e+00
  -1.59166298396656e+00
  -1.59038460450725e+00
  -1.58906667763784e+00
  -1.58770923668437e+00
  -1.58631231595573e+00
  -1.58487595074288e+00
  -1.58340017731796e+00
  -1.58188503293346e+00
  -1.58033055582137e+00
  -1.57873678519219e+00
  -1.57710376123408e+00
  -1.57543152511185e+00
  -1.57372011896599e+00
  -1.57196958591167e+00
  -1.57017997003770e+00
  -1.56835131640547e+00
  -1.56648367104788e+00
  -1.56457708096823e+00
  -1.56263159413908e+00
  -1.56064725950109e+00
  -1.55862412696186e+00
  -1.55656224739472e+00
  -1.55446167263749e+00
  -1.55232245549124e+00
  -1.55014464971899e+00
  -1.54792831004445e+00
  -1.54567349215063e+00
  -1.54338025267856e+00
  -1.54104864922587e+00
  -1.53867874034539e+00
  -1.53627058554375e+00
  -1.53382424527993e+00
  -1.53133978096376e+00
  -1.52881725495445e+00
  -1.52625673055907e+00
  -1.52365827203100e+00
  -1.52102194456835e+00
