   1.00000000000000e+00
   1.00501746738085e+00
   1.01005960907638e+00
   1.01512604990453e+00
   1.02021641531707e+00
   1.02533033140276e+00
   1.03046742489056e+00
   1.03562732315283e+00
   1.04080965420856e+00
   1.04601404672662e+00
   1.05124013002896e+00
   1.05648753409396e+00
   1.06175588955961e+00
   1.06704482772690e+00
   1.07235398056306e+00
   1.07768298070489e+00
   1.08303146146213e+00
   1.08839905682074e+00
   1.09378540144632e+00
   1.09919013068744e+00
   1.10461288057902e+00
   1.11005328784573e+00
   1.11551098990541e+00
   1.12098562487246e+00
   1.12647683156127e+00
   1.13198424948965e+00
   1.13750751888229e+00
   1.14304628067422e+00
   1.14860017651424e+00
   1.15416884876844e+00
   1.15975194052366e+00
   1.16534909559098e+00
   1.17095995850926e+00
   1.17658417454859e+00
   1.18222138971387e+00
   1.18787125074831e+00
   1.19353340513697e+00
   1.19920750111031e+00
   1.20489318764774e+00
   1.21059011448117e+00
   1.21629793209862e+00
   1.22201629174774e+00
   1.22774484543941e+00
   1.23348324595135e+00
   1.23923114683169e+00
   1.24498820240259e+00
   1.25075406776382e+00
   1.25652839879641e+00
   1.26231085216622e+00
   1.26810108532762e+00
   1.27389875652706e+00
   1.27970352480675e+00
   1.28551505000827e+00
   1.29133299277624e+00
   1.29715701456193e+00
   1.30298677762695e+00
   1.30882194504685e+00
   1.31466218071486e+00
   1.32050714934546e+00
   1.32635651647813e+00
   1.33220994848094e+00
   1.33806711255428e+00
   1.34392767673450e+00
   1.34979130989760e+00
   1.35565768176292e+00
   1.36152646289677e+00
   1.36739732471616e+00
   1.37326993949247e+00
   1.37914398035513e+00
   1.38501912129530e+00
   1.39089503716957e+00
   1.39677140370363e+00
   1.40264789749597e+00
   1.40852419602155e+00
   1.41439997763553e+00
   1.42027492157690e+00
   1.42614870797219e+00
   1.43202101783920e+00
   1.43789153309061e+00
   1.44375993653772e+00
   1.44962591189410e+00
   1.45548914377930e+00
   1.46134931772253e+00
   1.46720612016630e+00
   1.47305923847015e+00
   1.47890836091428e+00
   1.48475317670327e+00
   1.49059337596971e+00
   1.49642864977786e+00
   1.50225869012738e+00
   1.50808318995691e+00
   1.51390184314779e+00
   1.51971434452767e+00
   1.52552038987420e+00
   1.53131967591865e+00
   1.53711190034958e+00
   1.54289676181643e+00
   1.54867395993321e+00
   1.55444319528210e+00
   1.56020416941709e+00
   1.56595658486759e+00
   1.57170014514202e+00
   1.57743455473149e+00
   1.58315951911333e+00
   1.58887474475473e+00
   1.59457993911632e+00
   1.60027481065576e+00
   1.60595906883131e+00
   1.61163242410542e+00
   1.61729458794829e+00
   1.62294527284141e+00
   1.62858419228116e+00
   1.63421106078231e+00
   1.63982559388157e+00
   1.64542750814113e+00
   1.65101652115220e+00
   1.65659235153847e+00
   1.66215471895968e+00
   1.66770334411508e+00
   1.67323794874692e+00
   1.67875825564398e+00
   1.68426398864495e+00
   1.68975487264200e+00
   1.69523063358416e+00
   1.70069099848079e+00
   1.70613569540503e+00
   1.71156445349719e+00
   1.71697700296822e+00
   1.72237307510305e+00
   1.72775240226405e+00
   1.73311471789438e+00
   1.73845975652138e+00
   1.74378725375990e+00
   1.74909694631572e+00
   1.75438857198884e+00
   1.75966186967681e+00
   1.76491657937810e+00
   1.77015244219536e+00
   1.77536920033873e+00
   1.78056659712914e+00
   1.78574437700156e+00
   1.79090228550829e+00
   1.79604006932218e+00
   1.80115747623990e+00
   1.80625425518512e+00
   1.81133015621177e+00
   1.81638493050718e+00
   1.82141833039534e+00
   1.82643010933999e+00
   1.83142002194786e+00
   1.83638782397174e+00
   1.84133327231366e+00
   1.84625612502799e+00
   1.85115614132455e+00
   1.85603308157169e+00
   1.86088670729938e+00
   1.86571678120223e+00
   1.87052306714261e+00
   1.87530533015360e+00
   1.88006333644206e+00
   1.88479685339161e+00
   1.88950564956561e+00
   1.89418949471015e+00
   1.89884815975700e+00
   1.90348141682653e+00
   1.90808903923065e+00
   1.91267080147571e+00
   1.91722647926541e+00
   1.92175584950364e+00
   1.92625869029737e+00
   1.93073478095949e+00
   1.93518390201160e+00
   1.93960583518688e+00
   1.94400036343281e+00
   1.94836727091402e+00
   1.95270634301498e+00
   1.95701736634278e+00
   1.96130012872984e+00
   1.96555441923663e+00
   1.96978002815432e+00
   1.97397674700751e+00
   1.97814436855682e+00
   1.98228268680155e+00
   1.98639149698230e+00
   1.99047059558357e+00
   1.99451978033632e+00
   1.99853885022054e+00
   2.00252760546780e+00
   2.00648584756375e+00
   2.01041337925064e+00
   2.01431000452981e+00
   2.01817552866412e+00
   2.02200975818044e+00
   2.02581250087205e+00
   2.02958356580104e+00
   2.03332276330072e+00
   2.03702990497796e+00
   2.04070480371557e+00
   2.04434727367459e+00
   2.04795713029661e+00
   2.05153419030605e+00
   2.05507827171247e+00
   2.05858919381273e+00
   2.06206677719329e+00
   2.06551084373238e+00
   2.06892121660217e+00
   2.07229772027097e+00
   2.07564018050534e+00
   2.07894842437221e+00
   2.08222228024099e+00
   2.08546157778563e+00
   2.08866614798670e+00
   2.09183582313339e+00
   2.09497043682555e+00
   2.09806982397566e+00
   2.10113382081080e+00
   2.10416226487461e+00
   2.10715499502919e+00
   2.11011185145702e+00
   2.11303267566282e+00
   2.11591731047541e+00
   2.11876560004958e+00
   2.12157738986782e+00
   2.12435252674219e+00
   2.12709085881604e+00
   2.12979223556575e+00
   2.13245650780248e+00
   2.13508352767383e+00
   2.13767314866552e+00
   2.14022522560305e+00
   2.14273961465333e+00
   2.14521617332626e+00
   2.14765476047632e+00
   2.15005523630413e+00
   2.15241746235795e+00
   2.15474130153524e+00
   2.15702661808409e+00
   2.15927327760471e+00
   2.16148114705086e+00
   2.16365009473122e+00
   2.16577999031085e+00
   2.16787070481249e+00
   2.16992211061791e+00
   2.17193408146925e+00
   2.17390649247026e+00
   2.17583922008761e+00
   2.17773214215210e+00
   2.17958513785986e+00
   2.18139808777358e+00
   2.18317087382365e+00
   2.18490337930927e+00
   2.18659548889963e+00
   2.18824708863491e+00
   2.18985806592741e+00
   2.19142830956259e+00
   2.19295770970001e+00
   2.19444615787439e+00
   2.19589354699653e+00
   2.19729977135425e+00
   2.19866472661332e+00
   2.19998830981832e+00
   2.20127041939347e+00
   2.20251095514355e+00
   2.20370981825459e+00
   2.20486691129474e+00
   2.20598213821497e+00
   2.20705540434983e+00
   2.20808661641812e+00
   2.20907568252357e+00
   2.21002251215552e+00
   2.21092701618950e+00
   2.21178910688782e+00
   2.21260869790018e+00
   2.21338570426419e+00
   2.21412004240586e+00
   2.21481163014012e+00
   2.21546038667127e+00
   2.21606623259343e+00
   2.21662908989090e+00
   2.21714888193858e+00
   2.21762553350234e+00
   2.21805897073928e+00
   2.21844912119810e+00
   2.21879591381933e+00
   2.21909927893558e+00
   2.21935914827178e+00
   2.21957545494534e+00
   2.21974813346633e+00
   2.21987711973762e+00
   2.21996235105498e+00
   2.22000376610715e+00
   2.22000130497591e+00
   2.21995490913612e+00
   2.21986452145568e+00
   2.21973008619552e+00
   2.21955154900957e+00
   2.21932885694461e+00
   2.21906195844023e+00
   2.21875080332864e+00
   2.21839534283454e+00
   2.21799552957488e+00
   2.21755131755868e+00
   2.21706266218677e+00
   2.21652952025147e+00
   2.21595184993635e+00
   2.21532961081584e+00
   2.21466276385490e+00
   2.21395127140861e+00
   2.21319509722177e+00
   2.21239420642843e+00
   2.21154856555145e+00
   2.21065814250196e+00
   2.20972290657885e+00
   2.20874282846820e+00
   2.20771788024272e+00
   2.20664803536110e+00
   2.20553326866737e+00
   2.20437355639027e+00
   2.20316887614251e+00
   2.20191920692003e+00
   2.20062452910132e+00
   2.19928482444652e+00
   2.19790007609672e+00
   2.19647026857305e+00
   2.19499538777583e+00
   2.19347542098368e+00
   2.19191035685258e+00
   2.19030018541495e+00
   2.18864489807861e+00
   2.18694448762581e+00
   2.18519894821221e+00
   2.18340827536575e+00
   2.18157246598562e+00
   2.17969151834109e+00
   2.17776543207038e+00
   2.17579420817949e+00
   2.17377784904094e+00
   2.17171635839261e+00
   2.16960974133642e+00
   2.16745800433704e+00
   2.16526115522059e+00
   2.16301920317328e+00
   2.16073215874002e+00
   2.15840003382304e+00
   2.15602284168042e+00
   2.15360059692466e+00
   2.15113331552116e+00
   2.14862101478672e+00
   2.14606371338799e+00
   2.14346143133988e+00
   2.14081419000396e+00
   2.13812201208685e+00
   2.13538492163852e+00
   2.13260294405063e+00
   2.12977610605479e+00
   2.12690443572085e+00
   2.12398796245508e+00
   2.12102671699841e+00
   2.11802073142457e+00
   2.11497003913824e+00
   2.11187467487318e+00
   2.10873467469029e+00
   2.10555007597568e+00
   2.10232091743870e+00
   2.09904723910996e+00
   2.09572908233926e+00
   2.09236648979358e+00
   2.08895950545495e+00
   2.08550817461840e+00
   2.08201254388977e+00
   2.07847266118359e+00
   2.07488857572082e+00
   2.07126033802671e+00
   2.06758799992849e+00
   2.06387161455312e+00
   2.06011123632498e+00
   2.05630692096353e+00
   2.05245872548097e+00
   2.04856670817983e+00
   2.04463092865058e+00
   2.04065144776917e+00
   2.03662832769454e+00
   2.03256163186618e+00
   2.02845142500156e+00
   2.02429777309359e+00
   2.02010074340803e+00
   2.01586040448092e+00
   2.01157682611590e+00
   2.00725007938158e+00
   2.00288023660884e+00
   1.99846737138812e+00
   1.99401155856667e+00
   1.98951287424579e+00
   1.98497139577804e+00
   1.98038720176438e+00
   1.97576037205137e+00
   1.97109098772828e+00
   1.96637913112414e+00
   1.96162488580489e+00
   1.95682833657036e+00
   1.95198956945129e+00
   1.94710867170638e+00
   1.94218573181918e+00
   1.93722083949506e+00
   1.93221408565813e+00
   1.92716556244811e+00
   1.92207536321719e+00
   1.91694358252687e+00
   1.91177031614476e+00
   1.90655566104134e+00
   1.90129971538676e+00
   1.89600257854753e+00
   1.89066435108323e+00
   1.88528513474319e+00
   1.87986503246315e+00
   1.87440414836186e+00
   1.86890258773770e+00
   1.86336045706524e+00
   1.85777786399182e+00
   1.85215491733400e+00
   1.84649172707414e+00
   1.84078840435681e+00
   1.83504506148530e+00
   1.82926181191795e+00
   1.82343877026463e+00
   1.81757605228308e+00
   1.81167377487524e+00
   1.80573205608360e+00
   1.79975101508747e+00
   1.79373077219928e+00
   1.78767144886079e+00
   1.78157316763935e+00
   1.77543605222408e+00
   1.76926022742204e+00
   1.76304581915437e+00
   1.75679295445246e+00
   1.75050176145398e+00
   1.74417236939903e+00
   1.73780490862613e+00
   1.73139951056829e+00
   1.72495630774899e+00
   1.71847543377819e+00
   1.71195702334823e+00
   1.70540121222984e+00
   1.69880813726799e+00
   1.69217793637780e+00
   1.68551074854039e+00
   1.67880671379873e+00
   1.67206597325347e+00
   1.66528866905871e+00
   1.65847494441778e+00
   1.65162494357896e+00
   1.64473881183128e+00
   1.63781669550012e+00
   1.63085874194297e+00
   1.62386509954504e+00
   1.61683591771494e+00
   1.60977134688023e+00
   1.60267153848304e+00
   1.59553664497567e+00
   1.58836681981608e+00
   1.58116221746342e+00
   1.57392299337358e+00
   1.56664930399462e+00
   1.55934130676224e+00
   1.55199916009522e+00
   1.54462302339084e+00
   1.53721305702026e+00
   1.52976942232389e+00
   1.52229228160676e+00
   1.51478179813383e+00
   1.50723813612531e+00
   1.49966146075194e+00
   1.49205193813024e+00
   1.48440973531780e+00
   1.47673502030847e+00
   1.46902796202756e+00
   1.46128873032706e+00
   1.45351749598076e+00
   1.44571443067942e+00
   1.43787970702589e+00
   1.43001349853022e+00
   1.42211597960472e+00
   1.41418732555906e+00
   1.40622771259527e+00
   1.39823731780279e+00
   1.39021631915350e+00
   1.38216489549664e+00
   1.37408322655386e+00
   1.36597149291408e+00
   1.35782987602850e+00
   1.34965855820546e+00
   1.34145772260532e+00
   1.33322755323539e+00
   1.32496823494473e+00
   1.31667995341902e+00
   1.30836289517536e+00
   1.30001724755705e+00
   1.29164319872841e+00
   1.28324093766954e+00
   1.27481065417103e+00
   1.26635253882871e+00
   1.25786678303838e+00
   1.24935357899045e+00
   1.24081311966467e+00
   1.23224559882475e+00
   1.22365121101303e+00
   1.21503015154507e+00
   1.20638261650430e+00
   1.19770880273657e+00
   1.18900890784473e+00
   1.18028313018322e+00
   1.17153166885258e+00
   1.16275472369397e+00
   1.15395249528372e+00
   1.14512518492775e+00
   1.13627299465613e+00
   1.12739612721748e+00
   1.11849478607344e+00
   1.10956917539310e+00
   1.10061950004740e+00
   1.09164596560354e+00
   1.08264877831939e+00
   1.07362814513778e+00
   1.06458427368096e+00
   1.05551737224485e+00
   1.04642764979343e+00
   1.03731531595298e+00
   1.02818058100646e+00
   1.01902365588773e+00
   1.00984475217584e+00
   1.00064408208928e+00
   9.91421858480212e-01
   9.82178294828729e-01
   9.72913605237030e-01
   9.63628004423636e-01
   9.54321707717578e-01
   9.44994931052567e-01
   9.35647890961152e-01
   9.26280804568874e-01
   9.16893889588394e-01
   9.07487364313619e-01
   8.98061447613811e-01
   8.88616358927683e-01
   8.79152318257486e-01
   8.69669546163080e-01
   8.60168263755999e-01
   8.50648692693496e-01
   8.41111055172584e-01
   8.31555573924061e-01
   8.21982472206526e-01
   8.12391973800383e-01
   8.02784303001833e-01
   7.93159684616855e-01
   7.83518343955179e-01
   7.73860506824248e-01
   7.64186399523163e-01
   7.54496248836627e-01
   7.44790282028873e-01
   7.35068726837583e-01
   7.25331811467800e-01
   7.15579764585822e-01
   7.05812815313099e-01
   6.96031193220108e-01
   6.86235128320228e-01
   6.76424851063599e-01
   6.66600592330977e-01
   6.56762583427579e-01
   6.46911056076913e-01
   6.37046242414611e-01
   6.27168374982244e-01
   6.17277686721132e-01
   6.07374410966144e-01
   5.97458781439497e-01
   5.87531032244534e-01
   5.77591397859508e-01
   5.67640113131350e-01
   5.57677413269432e-01
   5.47703533839322e-01
   5.37718710756533e-01
   5.27723180280264e-01
   5.17717179007137e-01
   5.07700943864919e-01
   4.97674712106249e-01
   4.87638721302349e-01
   4.77593209336737e-01
   4.67538414398922e-01
   4.57474574978108e-01
   4.47401929856881e-01
   4.37320718104892e-01
   4.27231179072541e-01
   4.17133552384647e-01
   4.07028077934120e-01
   3.96914995875623e-01
   3.86794546619228e-01
   3.76666970824077e-01
   3.66532509392025e-01
   3.56391403461286e-01
   3.46243894400078e-01
   3.36090223800253e-01
   3.25930633470934e-01
   3.15765365432143e-01
   3.05594661908423e-01
   2.95418765322463e-01
   2.85237918288712e-01
   2.75052363606998e-01
   2.64862344256135e-01
   2.54668103387535e-01
   2.44469884318811e-01
   2.34267930527382e-01
   2.24062485644075e-01
   2.13853793446718e-01
   2.03642097853741e-01
   1.93427642917768e-01
   1.83210672819209e-01
   1.72991431859851e-01
   1.62770164456448e-01
   1.52547115134305e-01
   1.42322528520867e-01
   1.32096649339303e-01
   1.21869722402090e-01
   1.11641992604596e-01
   1.01413704918665e-01
   9.11851043861938e-02
   8.09564361127192e-02
   7.07279452609966e-02
   6.04998770445819e-02
   5.02724767214134e-02
   4.00459895873936e-02
   2.98206609699713e-02
   1.95967362217245e-02
   9.37446071394413e-03
  -8.45920169781814e-04
  -1.10641610399825e-02
  -2.12800165077176e-02
  -3.14932411909896e-02
  -4.17035897211538e-02
  -5.19108167493276e-02
  -6.21146769527972e-02
  -7.23149250414230e-02
  -8.25113157640422e-02
  -9.27036039148705e-02
  -1.02891544339897e-01
  -1.13074891943285e-01
  -1.23253401693762e-01
  -1.33426828631010e-01
  -1.43594927872051e-01
  -1.53757454617636e-01
  -1.63914164158619e-01
  -1.74064811882339e-01
  -1.84209153278991e-01
  -1.94346943947996e-01
  -2.04477939604366e-01
  -2.14601896085069e-01
  -2.24718569355380e-01
  -2.34827715515238e-01
  -2.44929090805596e-01
  -2.55022451614760e-01
  -2.65107554484729e-01
  -2.75184156117530e-01
  -2.85252013381548e-01
  -2.95310883317844e-01
  -3.05360523146475e-01
  -3.15400690272810e-01
  -3.25431142293830e-01
  -3.35451637004431e-01
  -3.45461932403718e-01
  -3.55461786701295e-01
  -3.65450958323541e-01
  -3.75429205919892e-01
  -3.85396288369103e-01
  -3.95351964785512e-01
  -4.05295994525296e-01
  -4.15228137192717e-01
  -4.25148152646359e-01
  -4.35055801005364e-01
  -4.44950842655658e-01
  -4.54833038256162e-01
  -4.64702148745009e-01
  -4.74557935345739e-01
  -4.84400159573494e-01
  -4.94228583241204e-01
  -5.04042968465760e-01
  -5.13843077674185e-01
  -5.23628673609789e-01
  -5.33399519338320e-01
  -5.43155378254108e-01
  -5.52896014086188e-01
  -5.62621190904430e-01
  -5.72330673125649e-01
  -5.82024225519703e-01
  -5.91701613215593e-01
  -6.01362601707540e-01
  -6.11006956861060e-01
  -6.20634444919028e-01
  -6.30244832507725e-01
  -6.39837886642884e-01
  -6.49413374735719e-01
  -6.58971064598944e-01
  -6.68510724452780e-01
  -6.78032122930959e-01
  -6.87535029086701e-01
  -6.97019212398698e-01
  -7.06484442777069e-01
  -7.15930490569317e-01
  -7.25357126566265e-01
  -7.34764122007986e-01
  -7.44151248589716e-01
  -7.53518278467759e-01
  -7.62864984265376e-01
  -7.72191139078664e-01
  -7.81496516482419e-01
  -7.90780890535991e-01
  -8.00044035789120e-01
  -8.09285727287766e-01
  -8.18505740579919e-01
  -8.27703851721396e-01
  -8.36879837281633e-01
  -8.46033474349449e-01
  -8.55164540538812e-01
  -8.64272813994577e-01
  -8.73358073398216e-01
  -8.82420097973538e-01
  -8.91458667492387e-01
  -9.00473562280328e-01
  -9.09464563222318e-01
  -9.18431451768366e-01
  -9.27374009939173e-01
  -9.36292020331759e-01
  -9.45185266125073e-01
  -9.54053531085594e-01
  -9.62896599572904e-01
  -9.71714256545259e-01
  -9.80506287565136e-01
  -9.89272478804765e-01
  -9.98012617051649e-01
  -1.00672648971406e+00
  -1.01541388482653e+00
  -1.02407459105532e+00
  -1.03270839770384e+00
  -1.04131509471816e+00
  -1.04989447269232e+00
  -1.05844632287384e+00
  -1.06697043716902e+00
  -1.07546660814835e+00
  -1.08393462905185e+00
  -1.09237429379440e+00
  -1.10078539697103e+00
  -1.10916773386228e+00
  -1.11752110043940e+00
  -1.12584529336967e+00
  -1.13414011002160e+00
  -1.14240534847019e+00
  -1.15064080750210e+00
  -1.15884628662087e+00
  -1.16702158605206e+00
  -1.17516650674841e+00
  -1.18328085039497e+00
  -1.19136441941422e+00
  -1.19941701697115e+00
  -1.20743844697833e+00
  -1.21542851410096e+00
  -1.22338702376194e+00
  -1.23131378214683e+00
  -1.23920859620888e+00
  -1.24707127367399e+00
  -1.25490162304567e+00
  -1.26269945360997e+00
  -1.27046457544041e+00
  -1.27819679940282e+00
  -1.28589593716030e+00
  -1.29356180117799e+00
  -1.30119420472794e+00
  -1.30879296189392e+00
  -1.31635788757620e+00
  -1.32388879749634e+00
  -1.33138550820188e+00
  -1.33884783707114e+00
  -1.34627560231788e+00
  -1.35366862299599e+00
  -1.36102671900415e+00
  -1.36834971109046e+00
  -1.37563742085711e+00
  -1.38288967076489e+00
  -1.39010628413783e+00
  -1.39728708516772e+00
  -1.40443189891865e+00
  -1.41154055133151e+00
  -1.41861286922849e+00
  -1.42564868031751e+00
  -1.43264781319667e+00
  -1.43961009735869e+00
  -1.44653536319526e+00
  -1.45342344200146e+00
  -1.46027416598004e+00
  -1.46708736824581e+00
  -1.47386288282988e+00
  -1.48060054468399e+00
  -1.48730018968470e+00
  -1.49396165463770e+00
  -1.50058477728191e+00
  -1.50716939629376e+00
  -1.51371535129129e+00
  -1.52022248283829e+00
  -1.52669063244840e+00
  -1.53311964258923e+00
  -1.53950935668638e+00
  -1.54585961912749e+00
  -1.55217027526624e+00
  -1.55844117142636e+00
  -1.56467215490556e+00
  -1.57086307397948e+00
  -1.57701377790560e+00
  -1.58312411692711e+00
  -1.58919394227680e+00
  -1.59522310618087e+00
  -1.60121146186273e+00
  -1.60715886354682e+00
  -1.61306516646234e+00
  -1.61893022684697e+00
  -1.62475390195062e+00
  -1.63053605003906e+00
  -1.63627653039764e+00
  -1.64197520333482e+00
  -1.64763193018587e+00
  -1.65324657331639e+00
  -1.65881899612589e+00
  -1.66434906305128e+00
  -1.66983663957039e+00
  -1.67528159220544e+00
  -1.68068378852647e+00
  -1.68604309715478e+00
  -1.69135938776628e+00
  -1.69663253109492e+00
  -1.70186239893593e+00
  -1.70704886414923e+00
  -1.71219180066264e+00
  -1.71729108347516e+00
  -1.72234658866021e+00
  -1.72735819336880e+00
  -1.73232577583273e+00
  -1.73724921536772e+00
  -1.74212839237653e+00
  -1.74696318835206e+00
  -1.75175348588038e+00
  -1.75649916864380e+00
  -1.76120012142387e+00
  -1.76585623010433e+00
  -1.77046738167409e+00
  -1.77503346423014e+00
  -1.77955436698045e+00
  -1.78402998024682e+00
  -1.78846019546774e+00
  -1.79284490520116e+00
  -1.79718400312732e+00
  -1.80147738405148e+00
  -1.80572494390661e+00
  -1.80992657975614e+00
  -1.81408218979659e+00
  -1.81819167336022e+00
  -1.82225493091762e+00
  -1.82627186408031e+00
  -1.83024237560330e+00
  -1.83416636938755e+00
  -1.83804375048255e+00
  -1.84187442508870e+00
  -1.84565830055980e+00
  -1.84939528540542e+00
  -1.85308528929330e+00
  -1.85672822305167e+00
  -1.86032399867159e+00
  -1.86387252930921e+00
  -1.86737372928805e+00
  -1.87082751410122e+00
  -1.87423380041360e+00
  -1.87759250606402e+00
  -1.88090355006743e+00
  -1.88416685261693e+00
  -1.88738233508593e+00
  -1.89054992003014e+00
  -1.89366953118963e+00
  -1.89674109349077e+00
  -1.89976453304824e+00
  -1.90273977716691e+00
  -1.90566675434378e+00
  -1.90854539426981e+00
  -1.91137562783178e+00
  -1.91415738711409e+00
  -1.91689060540054e+00
  -1.91957521717604e+00
  -1.92221115812840e+00
  -1.92479836514994e+00
  -1.92733677633920e+00
  -1.92982633100250e+00
  -1.93226696965560e+00
  -1.93465863402524e+00
  -1.93700126705063e+00
  -1.93929481288502e+00
  -1.94153921689711e+00
  -1.94373442567254e+00
  -1.94588038701524e+00
  -1.94797704994887e+00
  -1.95002436471813e+00
  -1.95202228279007e+00
  -1.95397075685540e+00
  -1.95586974082972e+00
  -1.95771918985476e+00
  -1.95951906029958e+00
  -1.96126930976169e+00
  -1.96296989706822e+00
  -1.96462078227700e+00
  -1.96622192667763e+00
  -1.96777329279252e+00
  -1.96927484437788e+00
  -1.97072654642473e+00
  -1.97212836515979e+00
  -1.97348026804644e+00
  -1.97478222378555e+00
  -1.97603420231638e+00
  -1.97723617481737e+00
  -1.97838811370693e+00
  -1.97948999264417e+00
  -1.98054178652968e+00
  -1.98154347150615e+00
  -1.98249502495911e+00
  -1.98339642551748e+00
  -1.98424765305422e+00
  -1.98504868868687e+00
  -1.98579951477810e+00
  -1.98650011493620e+00
  -1.98715047401556e+00
  -1.98775057811711e+00
  -1.98830041458870e+00
  -1.98879997202554e+00
  -1.98924924027048e+00
  -1.98964821041434e+00
  -1.98999687479623e+00
  -1.99029522700375e+00
  -1.99054326187324e+00
  -1.99074097548996e+00
  -1.99088836518822e+00
  -1.99098542955156e+00
  -1.99103216841279e+00
  -1.99102858285408e+00
  -1.99097467520696e+00
  -1.99087044905236e+00
  -1.99071590922055e+00
  -1.99051106179107e+00
  -1.99025591409265e+00
  -1.98995047470306e+00
  -1.98959475344898e+00
  -1.98918876140579e+00
  -1.98873251089732e+00
  -1.98822601549566e+00
  -1.98766929002082e+00
  -1.98706235054042e+00
  -1.98640521436936e+00
  -1.98569790006944e+00
  -1.98494042744892e+00
  -1.98413281756209e+00
  -1.98327509270881e+00
  -1.98236727643399e+00
  -1.98140939352704e+00
  -1.98040147002132e+00
  -1.97934353319353e+00
  -1.97823561156309e+00
  -1.97707773489145e+00
  -1.97586993418142e+00
  -1.97461224167642e+00
  -1.97330469085975e+00
  -1.97194731645379e+00
  -1.97054015441915e+00
  -1.96908324195387e+00
  -1.96757661749251e+00
  -1.96602032070522e+00
  -1.96441439249682e+00
  -1.96275887500582e+00
  -1.96105381160340e+00
  -1.95929924689238e+00
  -1.95749522670615e+00
  -1.95564179810757e+00
  -1.95373900938783e+00
  -1.95178691006529e+00
  -1.94978555088430e+00
  -1.94773498381395e+00
  -1.94563526204684e+00
  -1.94348643999777e+00
  -1.94128857330243e+00
  -1.93904171881608e+00
  -1.93674593461211e+00
  -1.93440127998070e+00
  -1.93200781542731e+00
  -1.92956560267128e+00
  -1.92707470464426e+00
  -1.92453518548873e+00
  -1.92194711055642e+00
  -1.91931054640669e+00
  -1.91662556080494e+00
  -1.91389222272095e+00
  -1.91111060232719e+00
