
1895.288 76.9
1895.373 67.5
1895.455 71.5
1895.54 47.8
1895.625 68.9
1895.707 57.7
1895.792 67.9
1895.874 47.2
1895.959 70.7
1896.044 29
1896.126 57.4
1896.208 52
1896.29 43.8
1896.375 27.7
1896.457 49
1896.542 45
1896.627 27.2
1896.709 61.3
1896.794 28.7
1896.876 38
1896.961 42.6
1897.046 40.6
1897.125 29.4
1897.207 29.1
1897.29 31
1897.374 20
1897.457 11.3
1897.541 27.6
1897.626 21.8
1897.708 48.1
1897.793 14.3
1897.875 8.4
1897.96 33.3
1898.045 30.2
1898.125 36.4
1898.207 38.3
1898.289 14.5
1898.374 25.8
1898.456 22.3
1898.541 9
1898.626 31.4
1898.708 34.8
1898.793 34.4
1898.875 30.9
1898.96 12.6
1899.044 19.5
1899.124 9.2
1899.206 18.1
1899.288 14.2
1899.373 7.7
1899.455 20.5
1899.54 13.5
1899.625 2.9
1899.707 8.4
1899.792 13
1899.874 7.8
1899.959 10.5
1900.044 9.4
1900.123 13.6
1900.205 8.6
1900.287 16
1900.372 15.2
1900.454 12.1
1900.539 8.3
1900.624 4.3
