
1814.045 22.2
1814.125 12
1814.207 5.7
1814.289 23.8
1814.374 5.8
1814.456 14.9
1814.541 18.5
1814.626 2.3
1814.708 8.1
1814.793 19.3
1814.875 14.5
1814.96 20.1
1815.044 19.2
1815.124 32.2
1815.206 26.2
1815.288 31.6
1815.373 9.8
1815.455 55.9
1815.54 35.5
1815.625 47.2
1815.707 31.5
1815.792 33.5
1815.874 37.2
1815.959 65
1816.044 26.3
1816.126 68.8
1816.208 73.7
1816.29 58.8
1816.375 44.3
1816.457 43.6
1816.542 38.8
1816.627 23.2
1816.709 47.8
1816.794 56.4
1816.876 38.1
1816.961 29.9
1817.046 36.4
1817.125 57.9
1817.207 96.2
1817.29 26.4
1817.374 21.2
1817.457 40
1817.541 50
1817.626 45
1817.708 36.7
1817.793 25.6
1817.875 28.9
1817.96 28.4
1818.045 34.9
1818.125 22.4
1818.207 25.4
1818.289 34.5
1818.374 53.1
1818.456 36.4
1818.541 28
1818.626 31.5
1818.708 26.1
1818.793 31.6
1818.875 10.9
1818.96 25.8
1819.044 32.8
1819.124 20.7
1819.206 3.7
1819.288 20.2
1819.373 19.6
