
1938.623 115.7
1938.705 89.6
1938.79 99.1
1938.872 122.2
1938.957 92.7
1939.042 80.3
1939.121 77.4
1939.203 64.6
1939.285 109.1
1939.37 118.3
1939.452 101
1939.537 97.6
1939.622 105.8
1939.704 112.6
1939.789 88.1
1939.871 68.1
1939.956 42.1
1940.041 50.5
1940.123 59.4
1940.205 83.3
1940.287 60.7
1940.372 54.4
1940.454 83.9
1940.539 67.5
1940.624 105.5
1940.706 66.5
1940.791 55
1940.873 58.4
1940.958 68.3
1941.043 45.6
1941.123 44.5
1941.205 46.4
1941.287 32.8
1941.372 29.5
1941.454 59.8
1941.539 66.9
1941.624 60
1941.706 65.9
1941.791 46.3
1941.873 38.4
1941.958 33.7
1942.042 35.6
1942.122 52.8
1942.204 54.2
1942.286 60.7
1942.371 25
1942.453 11.4
1942.538 17.7
1942.623 20.2
1942.705 17.2
1942.79 19.2
1942.872 30.7
1942.957 22.5
1943.042 12.4
1943.121 28.9
1943.203 27.4
1943.285 26.1
1943.37 14.1
1943.452 7.6
1943.537 13.2
1943.622 19.4
1943.704 10
1943.789 7.8
1943.871 10.2
1943.956 18.8
