
1819.455 35
1819.54 31.4
1819.625 26.1
1819.707 14.9
1819.792 27.5
1819.874 25.1
1819.959 30.6
1820.044 19.2
1820.126 26.6
1820.208 4.5
1820.29 19.4
1820.375 29.3
1820.457 10.8
1820.542 20.6
1820.627 25.9
1820.709 5.2
1820.794 8.9
1820.876 7.9
1820.961 9.1
1821.046 21.5
1821.125 4.2
1821.207 5.7
1821.29 9.2
1821.374 1.7
1821.457 1.8
1821.541 2.5
1821.626 4.8
1821.708 4.4
1821.793 18.8
1821.875 4.4
1821.96 0.2
1822.045 0
1822.125 0.9
1822.207 16.1
1822.289 13.5
1822.374 1.5
1822.456 5.6
1822.541 7.9
1822.626 2.1
1822.708 0
1822.793 0.4
1822.875 0
1822.96 0
1823.044 0
1823.124 0
1823.206 0.6
1823.288 0
1823.373 0
1823.455 0
1823.54 0.5
1823.625 0
1823.707 0
1823.792 0
1823.874 0
1823.959 20.4
1824.044 21.7
1824.126 10.8
1824.208 0
1824.29 19.4
1824.375 2.8
1824.457 0
1824.542 0
1824.627 1.4
1824.709 20.5
1824.794 25.2
