
1749.049 58
1749.128 62.6
1749.21 70
1749.292 55.7
1749.377 85
1749.459 83.5
1749.544 94.8
1749.629 66.3
1749.711 75.9
1749.796 75.5
1749.878 158.6
1749.963 85.2
1750.048 73.3
1750.127 75.9
1750.209 89.2
1750.292 88.3
1750.376 90
1750.459 100
1750.543 85.4
1750.628 103
1750.71 91.2
1750.795 65.7
1750.877 63.3
1750.962 75.4
1751.047 70
1751.127 43.5
1751.209 45.3
1751.291 56.4
1751.376 60.7
1751.458 50.7
1751.543 66.3
1751.628 59.8
1751.71 23.5
1751.795 23.2
1751.877 28.5
1751.962 44
1752.047 35
1752.129 50
1752.211 71
1752.293 59.3
1752.378 59.7
1752.46 39.6
1752.545 78.4
1752.63 29.3
1752.712 27.1
1752.797 46.6
1752.879 37.6
1752.964 40
1753.049 44
1753.128 32
1753.21 45.7
1753.292 38
1753.377 36
1753.459 31.7
1753.544 22
1753.629 39
1753.711 28
1753.796 25
1753.878 20
1753.963 6.7
1754.048 0
1754.127 3
1754.209 1.7
1754.292 13.7
1754.376 20.7
