
1786.962 112.7
1787.047 134.7
1787.127 106
1787.209 87.4
1787.291 127.2
1787.376 134.8
1787.458 99.2
1787.543 128
1787.628 137.2
1787.71 157.3
1787.795 157
1787.877 141.5
1787.962 174
1788.047 138
1788.129 129.2
1788.211 143.3
1788.293 108.5
1788.378 113
1788.46 154.2
1788.545 141.5
1788.63 136
1788.712 141
1788.797 142
1788.879 94.7
1788.964 129.5
1789.049 114
1789.128 125.3
1789.21 120
1789.292 123.3
1789.377 123.5
1789.459 120
1789.544 117
1789.629 103
1789.711 112
1789.796 89.7
1789.878 134
1789.963 135.5
1790.048 103
1790.127 127.5
1790.209 96.3
1790.292 94
1790.376 93
1790.459 91
1790.543 69.3
1790.628 87
1790.71 77.3
1790.795 84.3
1790.877 82
1790.962 74
1791.047 72.7
1791.127 62
1791.209 74
1791.291 77.2
1791.376 73.7
1791.458 64.2
1791.543 71
1791.628 43
1791.71 66.5
1791.795 61.7
1791.877 67
1791.962 66
1792.047 58
1792.129 64
1792.211 63
1792.293 75.7
