
1965.706 16.8
1965.791 20.1
1965.873 15.8
1965.958 17
1966.042 28.2
1966.122 24.4
1966.204 25.3
1966.286 48.7
1966.371 45.3
1966.453 47.7
1966.538 56.7
1966.623 51.2
1966.705 50.2
1966.79 57.2
1966.872 57.2
1966.957 70.4
1967.042 110.9
1967.121 93.6
1967.203 111.8
1967.285 69.5
1967.37 86.5
1967.452 67.3
1967.537 91.5
1967.622 107.2
1967.704 76.8
1967.789 88.2
1967.871 94.3
1967.956 126.4
1968.041 121.8
1968.123 111.9
1968.205 92.2
1968.287 81.2
1968.372 127.2
1968.454 110.3
1968.539 96.1
1968.624 109.3
1968.706 117.2
1968.791 107.7
1968.873 86
1968.958 109.8
1969.043 104.4
1969.123 120.5
1969.205 135.8
1969.287 106.8
1969.372 120
1969.454 106
1969.539 96.8
1969.624 98
1969.706 91.3
1969.791 95.7
1969.873 93.5
1969.958 97.9
1970.042 111.5
1970.122 127.8
1970.204 102.9
1970.286 109.5
1970.371 127.5
1970.453 106.8
1970.538 112.5
1970.623 93
1970.705 99.5
1970.79 86.6
1970.872 95.2
1970.957 83.5
1971.042 91.3
