
1776.129 11.6
1776.211 6.3
1776.293 21.8
1776.378 11.2
1776.46 19
1776.545 1
1776.63 24.2
1776.712 16
1776.797 30
1776.879 35
1776.964 40
1777.049 45
1777.128 36.5
1777.21 39
1777.292 95.5
1777.377 80.3
1777.459 80.7
1777.544 95
1777.629 112
1777.711 116.2
1777.796 106.5
1777.878 146
1777.963 157.3
1778.048 177.3
1778.127 109.3
1778.209 134
1778.292 145
1778.376 238.9
1778.459 171.6
1778.543 153
1778.628 140
1778.71 171.7
1778.795 156.3
1778.877 150.3
1778.962 105
1779.047 114.7
1779.127 165.7
1779.209 118
1779.291 145
1779.376 140
1779.458 113.7
1779.543 143
1779.628 112
1779.71 111
1779.795 124
1779.877 114
1779.962 110
1780.047 70
1780.129 98
1780.211 98
1780.293 95
1780.378 107.2
1780.46 88
1780.545 86
1780.63 86
1780.712 93.7
1780.797 77
1780.879 60
1780.964 58.7
1781.049 98.7
1781.128 74.7
1781.21 53
1781.292 68.3
1781.377 104.7
1781.459 97.7
