
1824.876 0
1824.961 0.8
1825.046 5
1825.125 15.5
1825.207 22.4
1825.29 3.8
1825.374 15.5
1825.457 15.4
1825.541 30.9
1825.626 25.7
1825.708 15.7
1825.793 15.6
1825.875 11.7
1825.96 22
1826.045 17.7
1826.125 18.2
1826.207 36.7
1826.289 24
1826.374 32.4
1826.456 37.1
1826.541 52.5
1826.626 39.6
1826.708 18.9
1826.793 50.6
1826.875 39.5
1826.96 68.1
1827.044 34.6
1827.124 47.4
1827.206 57.8
1827.288 46
1827.373 56.3
1827.455 56.7
1827.54 42.3
1827.625 53.7
1827.707 49.6
1827.792 56.1
1827.874 48.2
1827.959 46.1
1828.044 52.8
1828.126 64.4
1828.208 65
1828.29 61.1
1828.375 89.1
1828.457 98
1828.542 54.2
1828.627 76.4
1828.709 50.4
1828.794 54.7
1828.876 57
1828.961 46.9
1829.046 43
1829.125 49.4
1829.207 72.3
1829.29 95
1829.374 67.4
1829.457 73.9
1829.541 90.8
1829.626 77.6
1829.708 52.8
1829.793 57.2
1829.875 67.6
1829.96 56.5
1830.045 52.2
1830.125 72.1
1830.207 84.6
