
1835.707 100.8
1835.792 95.2
1835.874 100
1835.959 77.5
1836.044 88.6
1836.126 107.6
1836.208 98.2
1836.29 142.9
1836.375 111.4
1836.457 124.7
1836.542 116.7
1836.627 107.8
1836.709 95.1
1836.794 137.4
1836.876 120.9
1836.961 206.2
1837.046 188
1837.125 175.6
1837.207 134.6
1837.29 138.2
1837.374 111.7
1837.457 158
1837.541 162.8
1837.626 134
1837.708 96.3
1837.793 123.7
1837.875 107
1837.96 129.8
1838.045 144.9
1838.125 84.8
1838.207 140.8
1838.289 126.6
1838.374 137.6
1838.456 94.5
1838.541 108.2
1838.626 78.8
1838.708 73.6
1838.793 90.8
1838.875 77.4
1838.96 79.8
1839.044 105.6
1839.124 102.5
1839.206 77.7
1839.288 61.8
1839.373 53.8
1839.455 54.6
1839.54 84.8
1839.625 131.2
1839.707 132.7
1839.792 90.9
1839.874 68.8
1839.959 63.7
1840.044 81.2
1840.126 87.7
1840.208 67.8
1840.29 65.9
1840.375 69.2
1840.457 48.5
1840.542 60.7
1840.627 57.8
1840.709 74
1840.794 55
1840.876 54.3
1840.961 53.7
1841.046 24.1
