
1998.204 54.8
1998.286 53.4
1998.371 56.3
1998.453 70.7
1998.538 66.6
1998.623 92.2
1998.705 92.9
1998.79 55.5
1998.872 74
1998.957 81.9
1999.042 62
1999.121 66.3
1999.203 68.8
1999.285 63.7
1999.37 106.4
1999.452 137.7
1999.537 113.5
1999.622 93.7
1999.704 71.5
1999.789 116.7
1999.871 133.2
1999.956 84.6
2000.041 90.1
2000.123 112.9
2000.205 138.5
2000.287 125.5
2000.372 121.6
2000.454 124.9
2000.539 170.1
2000.624 130.5
2000.706 109.7
2000.791 99.4
2000.873 106.8
2000.958 104.4
2001.043 95.6
2001.123 80.6
2001.205 113.5
2001.287 107.7
2001.372 96.6
2001.454 134
2001.539 81.8
2001.624 106.4
2001.706 150.7
2001.791 125.5
2001.873 106.5
2001.958 132.2
2002.042 114.1
2002.122 107.4
2002.204 98.4
2002.286 120.7
2002.371 120.8
2002.453 88.3
2002.538 99.6
2002.623 116.4
2002.705 109.6
2002.79 97.5
2002.872 95.5
2002.957 80.8
2003.042 79.7
2003.121 46
2003.203 61.1
2003.285 60
2003.37 54.6
2003.452 77.4
2003.537 83.3
