
1944.041 3.7
1944.123 0.5
1944.205 11
1944.287 0.3
1944.372 2.5
1944.454 5
1944.539 5
1944.624 16.7
1944.706 14.3
1944.791 16.9
1944.873 10.8
1944.958 28.4
1945.043 18.5
1945.123 12.7
1945.205 21.5
1945.287 32
1945.372 30.6
1945.454 36.2
1945.539 42.6
1945.624 25.9
1945.706 34.9
1945.791 68.8
1945.873 46
1945.958 27.4
1946.042 47.6
1946.122 86.2
1946.204 76.6
1946.286 75.7
1946.371 84.9
1946.453 73.5
1946.538 116.2
1946.623 107.2
1946.705 94.4
1946.79 102.3
1946.872 123.8
1946.957 121.7
1947.042 115.7
1947.121 133.4
1947.203 129.8
1947.285 149.8
1947.37 201.3
1947.452 163.9
1947.537 157.9
1947.622 188.8
1947.704 169.4
1947.789 163.6
1947.871 128
1947.956 116.5
1948.041 108.5
1948.123 86.1
1948.205 94.8
1948.287 189.7
1948.372 174
1948.454 167.8
1948.539 142.2
1948.624 157.9
1948.706 143.3
1948.791 136.3
1948.873 95.8
1948.958 138
1949.043 119.1
1949.123 182.3
1949.205 157.5
1949.287 147
1949.372 106.2
