   2.95506162298557e+02
   1.36815796695198e+02
   1.47598997145973e+02
   1.37648325489140e+02
   1.34897734538419e+02
   1.37230948406161e+02
   1.44365297714012e+02
   1.33040953035869e+02
   1.41543691384758e+02
   1.40617432855576e+02
   1.45040777046314e+02
   1.37247172946666e+02
   1.43002378953090e+02
   1.47402175550880e+02
   1.44672906821091e+02
   1.43085168128097e+02
   1.39862222956525e+02
   1.52505449817951e+02
   1.37135179598751e+02
   1.34876226017642e+02
   1.38426063445054e+02
   1.48149689797800e+02
   1.36952357172147e+02
   1.34943996488073e+02
   1.43573560589609e+02
   1.36316649973298e+02
   1.35469935711022e+02
   1.42599001038601e+02
   1.47323650820060e+02
   1.39877241661099e+02
   1.38749897092638e+02
   1.29655674422384e+02
   1.34116751674403e+02
   1.40802480654196e+02
   1.41651047688798e+02
   1.44672906821091e+02
   1.36677010846234e+02
   1.37826883471557e+02
   1.37426750465169e+02
   1.34945016024159e+02
   1.43167957303104e+02
   1.37233173778177e+02
   1.40346350973850e+02
   1.45281821518891e+02
   1.40003047877660e+02
   1.41922129570525e+02
   1.46492974798445e+02
   1.33725147556388e+02
   1.28938011284769e+02
   1.38071172852235e+02
   1.40394651995675e+02
   1.40169832063603e+02
   1.43390551863160e+02
   1.40035310658825e+02
   1.37575271038437e+02
   1.34094037317697e+02
   1.36328237469928e+02
   1.48611103458418e+02
   1.35037539923469e+02
   1.31378954056241e+02
   1.31658564826341e+02
   1.35446201818230e+02
   1.37993481357656e+02
   1.38997245081573e+02
   1.39087729908711e+02
   1.27929983116666e+02
   1.26690831500134e+02
   1.28905748503604e+02
   1.34286594468603e+02
   1.35929310299469e+02
   1.36454229986333e+02
   1.33529345497380e+02
   1.27387819353213e+02
   1.34540432273740e+02
   1.31540267962068e+02
   1.33773448578214e+02
   1.22244772952690e+02
   1.34635181545065e+02
   1.24818011756924e+02
   1.21094714027521e+02
   1.28715230424868e+02
   1.26648833994666e+02
   1.27578337431948e+02
   1.27449100007443e+02
   1.22014482740501e+02
   1.28139784344164e+02
   1.31945871248573e+02
   1.25403006262087e+02
   1.27286766565530e+02
   1.21385265357854e+02
   1.17348055005015e+02
   1.23101035639424e+02
   1.17915991733433e+02
   1.24802806752505e+02
   1.18113832864611e+02
   1.18426912251807e+02
   1.20719334450011e+02
   1.22929987009294e+02
   1.20574058784845e+02
   1.24898575559915e+02
   1.19610253494226e+02
   1.16255198589735e+02
   1.15213701804537e+02
   1.30376209868411e+02
   1.22028481908991e+02
   1.15384750434667e+02
   1.09184169008285e+02
   1.13167608059181e+02
   1.12289836851670e+02
   1.13097612216734e+02
   1.12126297573828e+02
   1.18755010343577e+02
   1.16034456802005e+02
   1.23155826477452e+02
   1.13479667910291e+02
   1.12521146599944e+02
   1.10542823325020e+02
   1.09847874544113e+02
   1.15794618165358e+02
   1.06110763946065e+02
   1.17194064151632e+02
   1.13781806737253e+02
   1.14481019962348e+02
   1.18367670669748e+02
   1.09712333603249e+02
   1.09161454651578e+02
   1.13259112422406e+02
   1.11978796536646e+02
   1.15174949207170e+02
   1.04375524215889e+02
   1.00438347114648e+02
   1.11902497177841e+02
   1.12058527103396e+02
   1.11195774600460e+02
   1.10266271163177e+02
   1.18980849811734e+02
   1.05341554878524e+02
   1.05330800618135e+02
   1.06504407136252e+02
   1.09292731148255e+02
   1.08879618509463e+02
   1.07743745052628e+02
   1.00045723460547e+02
   9.73907150173916e+01
   9.81716978814069e+01
   1.01297854709483e+02
   1.07318672317518e+02
   9.81792072336943e+01
   9.98864486268912e+01
   1.00467364987712e+02
   1.04634832301142e+02
   9.66817670679946e+01
   9.91139946512490e+01
   9.95303521981422e+01
   9.93012678218836e+01
   9.28618672949404e+01
   9.15947173414291e+01
   9.93033068940546e+01
   9.86428462663279e+01
   9.25197700346809e+01
   9.06524205715871e+01
   9.42893116181930e+01
   9.43442887560653e+01
   9.12083972036858e+01
   9.49229797448709e+01
   9.13471830526503e+01
   9.92602898525007e+01
   9.00810526352245e+01
   8.96679399964322e+01
   9.13934450023050e+01
   9.35933433011999e+01
   8.88504299070650e+01
   9.50660300380217e+01
   9.46669165677190e+01
   9.78263557130463e+01
   8.48572561318658e+01
   9.14741951051407e+01
   8.53176502563983e+01
   9.18173119014857e+01
   8.61233865492915e+01
   9.03736430377283e+01
   8.89149554693958e+01
   9.45066221979776e+01
   8.74400433605585e+01
   8.99002692807917e+01
   9.36406247869402e+01
   8.66945681858096e+01
   8.47217151910024e+01
   8.71076808246019e+01
   9.08910533723042e+01
   8.15988032710267e+01
   8.54929633307146e+01
   8.82985314193084e+01
   8.36028995109140e+01
   8.59663370876511e+01
   8.55662040812628e+01
   8.54199088800108e+01
   8.63277174966722e+01
   7.83608393948792e+01
   8.21839840760344e+01
   8.50272852259100e+01
   8.01810936720771e+01
   8.17020814307249e+01
   7.58953294943740e+01
   8.49540444753619e+01
   7.67741202379708e+01
   7.40008149305424e+01
   7.78424095242179e+01
   8.42698499548426e+01
   8.78919085967181e+01
   8.11609372033566e+01
   7.98765431732549e+01
   8.22152273211142e+01
   8.20226701702075e+01
   8.21496822226980e+01
   8.29434584192728e+01
   8.27831640495315e+01
   8.09318528270981e+01
   7.52143798819558e+01
   7.70301834151227e+01
   7.13867844567698e+01
   7.83263512416984e+01
   7.40115691909309e+01
   7.85856593269512e+01
   7.72602873274668e+01
   7.82898240163466e+01
   7.31585514122974e+01
   7.58403523565018e+01
   7.56800579867604e+01
   7.58693702295661e+01
   6.87072088845809e+01
   7.65890724393516e+01
   7.22882895570735e+01
   7.38567451013059e+01
   7.00561284770133e+01
   7.48388140046009e+01
   7.15610779950005e+01
   7.34618960751896e+01
   7.30907809418656e+01
   6.96419963021355e+01
   7.51701570044720e+01
   7.26734038588869e+01
   6.94999655450701e+01
   7.10006506188708e+01
   7.41180922587299e+01
   7.45494685101981e+01
   7.44311716459250e+01
   7.15600584589150e+01
   7.01841600655892e+01
   6.89190491842490e+01
   7.32898279089743e+01
   7.09446539449131e+01
   6.47140351093815e+01
   6.75711491279021e+01
   6.83941294973857e+01
   7.17536351459072e+01
   6.98173093764518e+01
   6.94999655450700e+01
   7.40170394710472e+01
   7.06800618793881e+01
   7.02917026694738e+01
   6.73915716093993e+01
   7.12179611986554e+01
   6.87932429676885e+01
   6.69644598021176e+01
   6.73925911454848e+01
   6.66503608788369e+01
   6.82413444799318e+01
   6.66686244915128e+01
   6.31187870641000e+01
   7.26206520930301e+01
   6.81897985500050e+01
   7.34823850598810e+01
   7.18698929380092e+01
   6.39760692869200e+01
   6.85824222041059e+01
   6.39050539083873e+01
   7.08791088464968e+01
   5.91288581970016e+01
   6.03960081505128e+01
   6.33273824556672e+01
   6.39728243788190e+01
   6.38760360353229e+01
   6.55660333519293e+01
   6.84511457074289e+01
   6.98818349387825e+01
   6.94709476720057e+01
   6.44784609169209e+01
   6.59651468222323e+01
   6.33026290267893e+01
   6.79369802809540e+01
   6.33801342215239e+01
   6.69461961894417e+01
   5.98958418925274e+01
   6.36802339763152e+01
   6.74560971717300e+01
   6.50486230173535e+01
   6.95172096216605e+01
   6.63372814916417e+01
   6.83693760685078e+01
   6.45709848162305e+01
   6.38535079784605e+01
   6.26679413640259e+01
   5.87340091708853e+01
   6.61802320300013e+01
   6.63007542662898e+01
   6.18354125700839e+01
   6.12544962092628e+01
   6.33726248692365e+01
   5.83704033898488e+01
   6.58123618047783e+01
   6.54692450084333e+01
   6.49388550414535e+01
   6.58306254174543e+01
   6.83618667162203e+01
   6.65255741983619e+01
   6.26421683990625e+01
   6.59436383014553e+01
   6.50131153280872e+01
   6.54380017633534e+01
   6.19677086028463e+01
   6.19182017450905e+01
   5.93719417417496e+01
   6.74991142132838e+01
   6.55057722337851e+01
   6.28509500904741e+01
   5.93396789605843e+01
   5.84801713657488e+01
   6.36619703636393e+01
   6.37147221294961e+01
   6.38212451972951e+01
   6.69849487868089e+01
   6.52519344286487e+01
   6.51411469166631e+01
   6.44634422123459e+01
   5.62189924126242e+01
   6.72700298370253e+01
   5.88910586325257e+01
   6.18279032177964e+01
   5.57628627322782e+01
   5.98388256824842e+01
   6.27551812830635e+01
   6.19526898982714e+01
   6.13470201085724e+01
   5.95247267592035e+01
   7.13029757456776e+01
   6.07758384720543e+01
   5.94999733303256e+01
   6.16923622769330e+01
   6.02734468420534e+01
   5.85791850812604e+01
   6.24410823597828e+01
   6.15998383776233e+01
   6.16385909749907e+01
   6.16783631084435e+01
   6.10211473888177e+01
   5.94462020283833e+01
   6.69914386030110e+01
   6.41525881971662e+01
   6.16988520931349e+01
   6.51121290435987e+01
   5.86146927705268e+01
   6.17773768239551e+01
   6.15815747649474e+01
   5.87254802825123e+01
   6.18451472943869e+01
   6.08113461613206e+01
   5.93914111903555e+01
   6.31402955848769e+01
   6.07435756908889e+01
   6.31425209568924e+01
   6.13965269663282e+01
   6.64062577980034e+01
   6.46764883479440e+01
   6.31112777118126e+01
   6.20732121345599e+01
   5.84393796962105e+01
   6.55499951112689e+01
   6.32533084688780e+01
   6.49583244900594e+01
   6.12104596316235e+01
   6.13244920517100e+01
   5.96624930720824e+01
   7.16332992094631e+01
   6.35534082236692e+01
   6.68118610845082e+01
   5.73948243027558e+01
   6.71969753863216e+01
   6.06360330870043e+01
   5.83931177465557e+01
   5.56898082815744e+01
   6.42085848711240e+01
   6.24938341256396e+01
   5.99185562492343e+01
   5.72302654888280e+01
   6.99282831882817e+01
   5.61577117583945e+01
   6.55639942797584e+01
   6.36136693418134e+01
   6.06715407762707e+01
   6.03111799033352e+01
   6.76606144189552e+01
   6.11954409270485e+01
   6.17838666401571e+01
   5.57683330123945e+01
   6.12384579686023e+01
   6.39805200309509e+01
   5.92128532079383e+01
   6.56242553979026e+01
   6.71582227889543e+01
   6.69076298919188e+01
   6.24723256048627e+01
   5.85459027640095e+01
   5.77294122107279e+01
   5.95226876870325e+01
   6.08813420037678e+01
   6.35706523002596e+01
   6.38127163089222e+01
   6.47184858534124e+01
   6.14267506753225e+01
   6.37201924096125e+01
   6.05607532642852e+01
   6.11664230539841e+01
   6.43366164596999e+01
   6.13169826994225e+01
   6.46001889891393e+01
   6.55672391878593e+01
   5.76831502610731e+01
   6.33168144951231e+01
   6.17656030274811e+01
   6.79026784276177e+01
   6.00218344089324e+01
   6.37589450069798e+01
   5.97259990983276e+01
   6.10803889708765e+01
   6.51175993237152e+01
   6.15730458765744e+01
   6.23217659594243e+01
   6.25605850599858e+01
   5.77186579503395e+01
   5.67946247931733e+01
   6.52423860041902e+01
   6.10878983231640e+01
   5.97937695687593e+01
   6.38837316874548e+01
   6.52563851726796e+01
   6.26821268323598e+01
   6.33168144951232e+01
   6.57167792972123e+01
   6.24573069002878e+01
   6.10168829446312e+01
   5.82242944884413e+01
   6.50885814506508e+01
   6.14084870626466e+01
   5.86169181425422e+01
   6.18506175745033e+01
   6.02498992491054e+01
   6.06242592905304e+01
   6.51531070129816e+01
   6.47712376192692e+01
   6.13804887256677e+01
   5.61631820385109e+01
   5.50153484853582e+01
   5.73862954143828e+01
   5.92193430241403e+01
   6.10061286842428e+01
   5.85416383198231e+01
   5.81887867991750e+01
   5.91440632014210e+01
   6.39795004948654e+01
   5.96862269648748e+01
   5.69656734233031e+01
   5.54069526033736e+01
   5.73615419855050e+01
   5.65622955088138e+01
   5.42591190502208e+01
   5.90482943940104e+01
   6.02391449887170e+01
   5.94936698139681e+01
   5.35921686062921e+01
   5.77176384142540e+01
   5.99928165358680e+01
   5.52434133255313e+01
   6.35836319326636e+01
   5.73647868936059e+01
   5.84986212782692e+01
   6.28564203705906e+01
   5.60631487869138e+01
   5.76218696068434e+01
   5.65127886510580e+01
   5.92871134945720e+01
   5.92225879322412e+01
   5.83953431185711e+01
   5.53821991744957e+01
   5.71012143641666e+01
   5.45226915796602e+01
   5.20409571386501e+01
   5.15310561563617e+01
   6.20646832461869e+01
   5.39235116061633e+01
   5.85168848909452e+01
   5.19731866682183e+01
   5.51358707216467e+01
   5.55855105857908e+01
   5.41483315382353e+01
   5.89159983612480e+01
   5.23120390203770e+01
   5.20872190883049e+01
   5.21904972480030e+01
   5.84060973789596e+01
   5.74573107929155e+01
   5.31747915233134e+01
   5.84631135890029e+01
   5.40482982866382e+01
   5.09856474848070e+01
   5.41623307067248e+01
   5.37524629760334e+01
   5.12847277035127e+01
   4.89352892952650e+01
   5.25648572894279e+01
   5.37417087156450e+01
   5.14987933751963e+01
   5.56317725354456e+01
   5.63697383579071e+01
   5.57242964347553e+01
   4.54725054870454e+01
   5.05822695703177e+01
   5.44086591595737e+01
   5.20872190883049e+01
   5.14525314255415e+01
   4.92913857240140e+01
   4.98583029163457e+01
   5.29714801120182e+01
   5.19839409286068e+01
   4.61534550994636e+01
   4.46807683626417e+01
   4.81360428185738e+01
   5.04574828898426e+01
   4.80220103984873e+01
   4.04445110426943e+01
   4.47485388330734e+01
   4.71947655848172e+01
   4.86566980612506e+01
   4.60856846290318e+01
   4.89955504134093e+01
   5.05607610495407e+01
   4.93591561944457e+01
   4.24733607114594e+01
   4.80682723481421e+01
   4.78757151972354e+01
   5.05822695703176e+01
   4.37534902973745e+01
   4.60179141586001e+01
   4.03229692703203e+01
   4.29477540044814e+01
   4.60534218478665e+01
   4.14858215280480e+01
   4.71625028036518e+01
   4.37319817765976e+01
   4.68774217534355e+01
   4.57360780164848e+01
   4.91203370938842e+01
   4.60641761082549e+01
   4.47517837411744e+01
   4.36749655665544e+01
   4.12039853859326e+01
   4.47270303122965e+01
   4.45022103802244e+01
   4.37319817765976e+01
   4.52476855549733e+01
   4.66526018213635e+01
   4.25411311818911e+01
   4.17031321078326e+01
   4.35394246256909e+01
   4.52261770341964e+01
   4.10006739746375e+01
   4.28692292736612e+01
   4.06155596728241e+01
   4.18279187883075e+01
   4.46269970606994e+01
   4.38212607678062e+01
   4.08081168237308e+01
   3.94957244566502e+01
   4.64955523597231e+01
   3.81908414418572e+01
   3.87147415926350e+01
   4.13750340160625e+01
   4.23270655102075e+01
   4.17493940574874e+01
   4.08651330337740e+01
   4.01304121194136e+01
   4.36071950961226e+01
   4.04014940011405e+01
   4.07403463532991e+01
   3.34801908288878e+01
   4.34253922056044e+01
   4.15568369065807e+01
   3.65288424622296e+01
   3.65611052433949e+01
   3.23140936630591e+01
   3.65395967226180e+01
   3.87254958530234e+01
   3.65395967226180e+01
   3.63685480924882e+01
   4.06048054124356e+01
   3.95064787170387e+01
   3.71280224357266e+01
   3.36619937194060e+01
   3.60404500007181e+01
   3.28239946453475e+01
   3.55305490184297e+01
   3.42396651721261e+01
   3.77412015777130e+01
   3.46247794739395e+01
   3.39115670803560e+01
   3.29380270654340e+01
   3.32661251572042e+01
   3.41718947016944e+01
   3.61867452019700e+01
   3.35264527785426e+01
   3.48958613556664e+01
   3.46817956839827e+01
   2.96182935503653e+01
   3.54412700272211e+01
   3.19074708404688e+01
   3.25174050743543e+01
   2.99356373817470e+01
   3.25529127636206e+01
   3.16578974795188e+01
   3.37652718791041e+01
   2.97893421804951e+01
   2.70580343785350e+01
   2.67654439760312e+01
   2.99248831213585e+01
   2.90513763580337e+01
   3.03670136332152e+01
   3.13405536481372e+01
   2.69795096477148e+01
   3.27562241749158e+01
   2.87695402159183e+01
   2.78745249318166e+01
   2.79993116122915e+01
   3.08198984054603e+01
   3.08198984054603e+01
   2.98463583905384e+01
   3.19182251008572e+01
   2.99248831213585e+01
   2.96075392899769e+01
   2.57563962718429e+01
   2.71613125382330e+01
   2.53035114995978e+01
   2.79207868814714e+01
   2.44655124255393e+01
   2.73538696891397e+01
   2.34349562005740e+01
   2.83736716537165e+01
   2.48506267273527e+01
   2.72860992187080e+01
   2.29358094786741e+01
   2.17589580524570e+01
   2.50431838782594e+01
   2.55530848605477e+01
   2.35704971414375e+01
   2.32423990496673e+01
   2.16341713719820e+01
   1.96408293924833e+01
   2.45225286355825e+01
   1.82359131260932e+01
   2.40126276532941e+01
   2.35597428810490e+01
   2.18267285228887e+01
   1.71375864306962e+01
   2.36845295615240e+01
   2.02862713156351e+01
   2.02185008452034e+01
   1.99011570138217e+01
   2.13845980110321e+01
   2.07391560878803e+01
   2.04788284665418e+01
   2.07961722979235e+01
   1.81003721852297e+01
   2.05465989369735e+01
   1.81003721852297e+01
   2.19515152033637e+01
   1.99011570138217e+01
   2.15664009015503e+01
   1.89383712592882e+01
   1.57896863743493e+01
   1.93234855611016e+01
   1.75227007325096e+01
   1.82359131260932e+01
   1.57896863743493e+01
   1.77152578834163e+01
   1.69450292797895e+01
   1.85532569574748e+01
   1.73301435816029e+01
   1.81003721852297e+01
   1.50194577707225e+01
   1.86780436379498e+01
   1.23236576580288e+01
   1.49624415606793e+01
   1.88706007888565e+01
   1.92557150906699e+01
   1.81003721852297e+01
   1.84854864870431e+01
   1.82929293361364e+01
   1.57896863743493e+01
   1.86780436379498e+01
   1.44417863180025e+01
   1.63673578270694e+01
   1.40566720161891e+01
   1.52120149216292e+01
   1.50194577707225e+01
   1.54045720725359e+01
   1.48269006198158e+01
   1.46343434689091e+01
   1.52120149216292e+01
   1.38641148652823e+01
   1.50194577707225e+01
   1.61748006761627e+01
   1.42492291670958e+01
   1.32864434125623e+01
   1.48269006198158e+01
   1.27087719598422e+01
   1.25162148089355e+01
   1.38641148652824e+01
   1.40566720161891e+01
   1.13608719034953e+01
   1.29013291107489e+01
   1.50194577707225e+01
   1.27087719598422e+01
   1.38641148652823e+01
   9.62785754533497e+00
   1.25162148089355e+01
   1.11683147525886e+01
   1.02055289980551e+01
   1.21311005071221e+01
   1.13608719034953e+01
   1.21311005071221e+01
   1.19385433562154e+01
   1.40566720161890e+01
   1.36715577143757e+01
   1.13608719034953e+01
   1.15534290544020e+01
   1.38641148652824e+01
   1.23236576580288e+01
   1.27087719598422e+01
   1.27087719598422e+01
   1.19385433562154e+01
   1.19385433562154e+01
   8.85762894170817e+00
   1.13608719034953e+01
   9.82041469624167e+00
   1.29013291107489e+01
   9.82041469624166e+00
   1.13608719034953e+01
   8.66507179080147e+00
   1.19385433562154e+01
   1.03980861489618e+01
   1.00129718471484e+01
   1.25162148089355e+01
   1.15534290544020e+01
   1.21311005071221e+01
   1.15534290544020e+01
   8.66507179080147e+00
   9.82041469624166e+00
   1.19385433562154e+01
   7.89484318717467e+00
   1.05906432998685e+01
   1.11683147525886e+01
   9.43530039442827e+00
   1.00129718471484e+01
   1.19385433562154e+01
   9.24274324352157e+00
   7.70228603626797e+00
   1.09757576016819e+01
   6.93205743264118e+00
   1.11683147525886e+01
   7.89484318717467e+00
   8.85762894170817e+00
   8.27995748898807e+00
   1.19385433562154e+01
   9.05018609261487e+00
   8.85762894170817e+00
   9.62785754533497e+00
   7.31717173445457e+00
   8.27995748898807e+00
   7.89484318717467e+00
   7.31717173445458e+00
   7.12461458354787e+00
   9.43530039442827e+00
   6.54694313082778e+00
   5.00648592357418e+00
   5.19904307448088e+00
   7.70228603626797e+00
   5.96927167810768e+00
   7.70228603626797e+00
   5.77671452720098e+00
   7.12461458354787e+00
   6.73950028173447e+00
   6.93205743264117e+00
   6.54694313082778e+00
   4.81392877266748e+00
   6.93205743264117e+00
   7.89484318717467e+00
   6.93205743264117e+00
   6.16182882901438e+00
   6.73950028173447e+00
   5.19904307448088e+00
   7.50972888536127e+00
   5.39160022538758e+00
   5.77671452720098e+00
   5.19904307448088e+00
   4.42881447085408e+00
   5.77671452720098e+00
   4.42881447085408e+00
   4.81392877266748e+00
   5.39160022538758e+00
   6.54694313082778e+00
   5.39160022538758e+00
   4.81392877266748e+00
   5.00648592357418e+00
   7.12461458354787e+00
   4.04370016904068e+00
   4.81392877266748e+00
   4.81392877266748e+00
   4.62137162176078e+00
   5.96927167810768e+00
   4.81392877266748e+00
   4.23625731994738e+00
   4.81392877266748e+00
   6.16182882901438e+00
   4.62137162176078e+00
   5.39160022538758e+00
   5.00648592357418e+00
   4.04370016904068e+00
   5.19904307448088e+00
   5.39160022538758e+00
   3.85114301813398e+00
   3.85114301813399e+00
   4.23625731994738e+00
   4.23625731994738e+00
   4.42881447085408e+00
   4.62137162176078e+00
   2.88835726360049e+00
   2.50324296178709e+00
   5.00648592357418e+00
   3.85114301813398e+00
   3.08091441450719e+00
   4.23625731994738e+00
   3.27347156541389e+00
   2.31068581088039e+00
   3.65858586722729e+00
   2.69580011269379e+00
   3.27347156541389e+00
   4.23625731994738e+00
   3.27347156541389e+00
   3.08091441450719e+00
   4.04370016904068e+00
   3.85114301813399e+00
   3.08091441450719e+00
   3.46602871632059e+00
   2.11812865997369e+00
   2.50324296178709e+00
   3.85114301813399e+00
   3.65858586722729e+00
   2.88835726360049e+00
   2.31068581088039e+00
   2.11812865997369e+00
   3.08091441450719e+00
   2.31068581088039e+00
   1.92557150906699e+00
   1.15534290544020e+00
   3.08091441450719e+00
   3.27347156541389e+00
   2.11812865997369e+00
   3.08091441450719e+00
   1.54045720725359e+00
   1.73301435816029e+00
   1.54045720725359e+00
   2.11812865997369e+00
   2.31068581088039e+00
   2.31068581088039e+00
   2.31068581088039e+00
   1.92557150906699e+00
   1.92557150906699e+00
   1.92557150906699e+00
   1.73301435816029e+00
   1.73301435816029e+00
   1.34790005634689e+00
   2.31068581088039e+00
   1.34790005634689e+00
   1.92557150906699e+00
   2.31068581088039e+00
   1.54045720725359e+00
   2.11812865997369e+00
   1.15534290544020e+00
   3.08091441450719e+00
   1.34790005634689e+00
   1.92557150906699e+00
   1.92557150906699e+00
   2.11812865997369e+00
   2.69580011269379e+00
   1.54045720725359e+00
   1.54045720725359e+00
   1.54045720725359e+00
   2.31068581088039e+00
   1.54045720725359e+00
   1.73301435816029e+00
   2.11812865997369e+00
   1.54045720725359e+00
   1.34790005634689e+00
   1.73301435816029e+00
   1.15534290544020e+00
   1.92557150906699e+00
   2.31068581088039e+00
   1.73301435816029e+00
   2.11812865997369e+00
   1.34790005634689e+00
   1.54045720725359e+00
   1.54045720725359e+00
   1.15534290544020e+00
   7.70228603626797e-01
   1.92557150906699e+00
   1.73301435816029e+00
   1.92557150906699e+00
   1.34790005634689e+00
   1.34790005634689e+00
   7.70228603626797e-01
   1.73301435816029e+00
   1.54045720725359e+00
   5.77671452720098e-01
   1.34790005634689e+00
   1.34790005634689e+00
   1.54045720725359e+00
   1.34790005634689e+00
   5.77671452720098e-01
   7.70228603626797e-01
   1.15534290544020e+00
   1.92557150906699e+00
   1.34790005634689e+00
   9.62785754533496e-01
   1.34790005634689e+00
   9.62785754533496e-01
   7.70228603626797e-01
   3.85114301813398e-01
   9.62785754533496e-01
   1.34790005634689e+00
   7.70228603626797e-01
   1.15534290544020e+00
   3.85114301813398e-01
   5.77671452720098e-01
   3.85114301813398e-01
   5.77671452720098e-01
   3.85114301813398e-01
   1.92557150906699e-01
   9.62785754533496e-01
   5.77671452720098e-01
   9.62785754533496e-01
   7.70228603626797e-01
   3.85114301813398e-01
   5.77671452720098e-01
   9.62785754533496e-01
   1.92557150906699e-01
   0.00000000000000e+00
   1.92557150906699e-01
   5.77671452720098e-01
   5.77671452720098e-01
   1.92557150906699e-01
   1.92557150906699e-01
   1.92557150906699e-01
   7.70228603626797e-01
   3.85114301813398e-01
   0.00000000000000e+00
   1.92557150906699e-01
   3.85114301813398e-01
   1.92557150906699e-01
   1.92557150906699e-01
   1.92557150906699e-01
   3.85114301813398e-01
   5.77671452720098e-01
   3.85114301813398e-01
   1.92557150906699e-01
   0.00000000000000e+00
   0.00000000000000e+00
   0.00000000000000e+00
   1.92557150906699e-01
   0.00000000000000e+00
   1.92557150906699e-01
   1.92557150906699e-01
   1.92557150906699e-01
   0.00000000000000e+00
   0.00000000000000e+00
   0.00000000000000e+00
   0.00000000000000e+00
   0.00000000000000e+00
   0.00000000000000e+00
   0.00000000000000e+00
   1.92557150906699e-01
   1.92557150906699e-01
