   5.00000000000000e+00
   4.99499749916688e+00
   4.99000000333667e+00
   4.98500750750187e+00
   4.98002000665999e+00
   4.97503749581353e+00
   4.97005996997001e+00
   4.96508742414192e+00
   4.96011985334675e+00
   4.95515725260700e+00
   4.95019961695012e+00
   4.94524694140853e+00
   4.94029922101965e+00
   4.93535645082584e+00
   4.93041862587444e+00
   4.92548574121772e+00
   4.92055779191293e+00
   4.91563477302223e+00
   4.91071667961275e+00
   4.90580350675655e+00
   4.90089524953062e+00
   4.89599190301685e+00
   4.89109346230209e+00
   4.88619992247808e+00
   4.88131127864147e+00
   4.87642752589385e+00
   4.87154865934166e+00
   4.86667467409626e+00
   4.86180556527392e+00
   4.85694132799577e+00
   4.85208195738782e+00
   4.84722744858098e+00
   4.84237779671100e+00
   4.83753299691853e+00
   4.83269304434906e+00
   4.82785793415295e+00
   4.82302766148538e+00
   4.81820222150643e+00
   4.81338160938098e+00
   4.80856582027877e+00
   4.80375484937435e+00
   4.79894869184713e+00
   4.79414734288131e+00
   4.78935079766593e+00
   4.78455905139484e+00
   4.77977209926670e+00
   4.77498993648495e+00
   4.77021255825787e+00
   4.76543995979849e+00
   4.76067213632468e+00
   4.75590908305904e+00
   4.75115079522898e+00
   4.74639726806670e+00
   4.74164849680913e+00
   4.73690447669799e+00
   4.73216520297977e+00
   4.72743067090569e+00
   4.72270087573175e+00
   4.71797581271866e+00
   4.71325547713190e+00
   4.70853986424168e+00
   4.70382896932295e+00
   4.69912278765537e+00
   4.69442131452333e+00
   4.68972454521594e+00
   4.68503247502703e+00
   4.68034509925512e+00
   4.67566241320345e+00
   4.67098441217996e+00
   4.66631109149727e+00
   4.66164244647271e+00
   4.65697847242827e+00
   4.65231916469063e+00
   4.64766451859117e+00
   4.64301452946590e+00
   4.63836919265553e+00
   4.63372850350541e+00
   4.62909245736556e+00
   4.62446104959064e+00
   4.61983427553998e+00
   4.61521213057752e+00
   4.61059461007187e+00
   4.60598170939625e+00
   4.60137342392853e+00
   4.59676974905119e+00
   4.59217068015132e+00
   4.58757621262066e+00
   4.58298634185553e+00
   4.57840106325687e+00
   4.57382037223020e+00
   4.56924426418567e+00
   4.56467273453801e+00
   4.56010577870651e+00
   4.55554339211509e+00
   4.55098557019221e+00
   4.54643230837093e+00
   4.54188360208885e+00
   4.53733944678817e+00
   4.53279983791563e+00
   4.52826477092252e+00
   4.52373424126469e+00
   4.51920824440254e+00
   4.51468677580100e+00
   4.51016983092955e+00
   4.50565740526220e+00
   4.50114949427748e+00
   4.49664609345845e+00
   4.49214719829269e+00
   4.48765280427230e+00
   4.48316290689387e+00
   4.47867750165852e+00
   4.47419658407185e+00
   4.46972014964397e+00
   4.46524819388949e+00
   4.46078071232748e+00
   4.45631770048152e+00
   4.45185915387965e+00
   4.44740506805441e+00
   4.44295543854277e+00
   4.43851026088620e+00
   4.43406953063062e+00
   4.42963324332640e+00
   4.42520139452836e+00
   4.42077397979579e+00
   4.41635099469239e+00
   4.41193243478633e+00
   4.40751829565019e+00
   4.40310857286099e+00
   4.39870326200017e+00
   4.39430235865361e+00
   4.38990585841157e+00
   4.38551375686877e+00
   4.38112604962428e+00
   4.37674273228163e+00
   4.37236380044871e+00
   4.36798924973781e+00
   4.36361907576564e+00
   4.35925327415325e+00
   4.35489184052610e+00
   4.35053477051402e+00
   4.34618205975121e+00
   4.34183370387625e+00
   4.33748969853206e+00
   4.33315003936595e+00
   4.32881472202955e+00
   4.32448374217887e+00
   4.32015709547426e+00
   4.31583477758039e+00
   4.31151678416629e+00
   4.30720311090533e+00
   4.30289375347518e+00
   4.29858870755786e+00
   4.29428796883970e+00
   4.28999153301134e+00
   4.28569939576774e+00
   4.28141155280817e+00
   4.27712799983620e+00
   4.27284873255969e+00
   4.26857374669080e+00
   4.26430303794598e+00
   4.26003660204598e+00
   4.25577443471580e+00
   4.25151653168475e+00
   4.24726288868639e+00
   4.24301350145856e+00
   4.23876836574336e+00
   4.23452747728715e+00
   4.23029083184055e+00
   4.22605842515842e+00
   4.22183025299988e+00
   4.21760631112830e+00
   4.21338659531125e+00
   4.20917110132059e+00
   4.20495982493237e+00
   4.20075276192687e+00
   4.19654990808861e+00
   4.19235125920632e+00
   4.18815681107294e+00
   4.18396655948561e+00
   4.17978050024569e+00
   4.17559862915874e+00
   4.17142094203450e+00
   4.16724743468694e+00
   4.16307810293417e+00
   4.15891294259851e+00
   4.15475194950646e+00
   4.15059511948869e+00
   4.14644244838005e+00
   4.14229393201955e+00
   4.13814956625035e+00
   4.13400934691980e+00
   4.12987326987938e+00
   4.12574133098473e+00
   4.12161352609562e+00
   4.11748985107600e+00
   4.11337030179393e+00
   4.10925487412159e+00
   4.10514356393533e+00
   4.10103636711559e+00
   4.09693327954696e+00
   4.09283429711812e+00
   4.08873941572189e+00
   4.08464863125517e+00
   4.08056193961900e+00
   4.07647933671848e+00
   4.07240081846285e+00
   4.06832638076542e+00
   4.06425601954358e+00
   4.06018973071882e+00
   4.05612751021671e+00
   4.05206935396688e+00
   4.04801525790306e+00
   4.04396521796303e+00
   4.03991923008864e+00
   4.03587729022578e+00
   4.03183939432443e+00
   4.02780553833861e+00
   4.02377571822637e+00
   4.01974992994982e+00
   4.01572816947512e+00
   4.01171043277244e+00
   4.00769671581600e+00
   4.00368701458404e+00
   3.99968132505884e+00
   3.99567964322667e+00
   3.99168196507784e+00
   3.98768828660667e+00
   3.98369860381147e+00
   3.97971291269457e+00
   3.97573120926230e+00
   3.97175348952498e+00
   3.96777974949692e+00
   3.96380998519641e+00
   3.95984419264576e+00
   3.95588236787121e+00
   3.95192450690300e+00
   3.94797060577536e+00
   3.94402066052645e+00
   3.94007466719842e+00
   3.93613262183737e+00
   3.93219452049337e+00
   3.92826035922041e+00
   3.92433013407647e+00
   3.92040384112343e+00
   3.91648147642715e+00
   3.91256303605740e+00
   3.90864851608790e+00
   3.90473791259627e+00
   3.90083122166410e+00
   3.89692843937685e+00
   3.89302956182392e+00
   3.88913458509864e+00
   3.88524350529823e+00
   3.88135631852380e+00
   3.87747302088038e+00
   3.87359360847691e+00
   3.86971807742619e+00
   3.86584642384493e+00
   3.86197864385373e+00
   3.85811473357705e+00
   3.85425468914325e+00
   3.85039850668455e+00
   3.84654618233704e+00
   3.84269771224068e+00
   3.83885309253930e+00
   3.83501231938056e+00
   3.83117538891601e+00
   3.82734229730103e+00
   3.82351304069485e+00
   3.81968761526055e+00
   3.81586601716502e+00
   3.81204824257903e+00
   3.80823428767715e+00
   3.80442414863778e+00
   3.80061782164316e+00
   3.79681530287933e+00
   3.79301658853615e+00
   3.78922167480731e+00
   3.78543055789029e+00
   3.78164323398637e+00
   3.77785969930065e+00
   3.77407995004202e+00
   3.77030398242315e+00
   3.76653179266051e+00
   3.76276337697435e+00
   3.75899873158872e+00
   3.75523785273142e+00
   3.75148073663405e+00
   3.74772737953196e+00
   3.74397777766427e+00
   3.74023192727388e+00
   3.73648982460742e+00
   3.73275146591531e+00
   3.72901684745169e+00
   3.72528596547447e+00
   3.72155881624529e+00
   3.71783539602953e+00
   3.71411570109632e+00
   3.71039972771851e+00
   3.70668747217268e+00
   3.70297893073915e+00
   3.69927409970193e+00
   3.69557297534879e+00
   3.69187555397118e+00
   3.68818183186427e+00
   3.68449180532695e+00
   3.68080547066179e+00
   3.67712282417508e+00
   3.67344386217680e+00
   3.66976858098060e+00
   3.66609697690386e+00
   3.66242904626760e+00
   3.65876478539656e+00
   3.65510419061913e+00
   3.65144725826738e+00
   3.64779398467706e+00
   3.64414436618758e+00
   3.64049839914201e+00
   3.63685607988707e+00
   3.63321740477315e+00
   3.62958237015429e+00
   3.62595097238817e+00
   3.62232320783612e+00
   3.61869907286311e+00
   3.61507856383775e+00
   3.61146167713227e+00
   3.60784840912254e+00
   3.60423875618805e+00
   3.60063271471193e+00
   3.59703028108091e+00
   3.59343145168533e+00
   3.58983622291917e+00
   3.58624459117998e+00
   3.58265655286895e+00
   3.57907210439084e+00
   3.57549124215404e+00
   3.57191396257049e+00
   3.56834026205577e+00
   3.56477013702901e+00
   3.56120358391294e+00
   3.55764059913385e+00
   3.55408117912162e+00
   3.55052532030971e+00
   3.54697301913514e+00
   3.54342427203848e+00
   3.53987907546388e+00
   3.53633742585905e+00
   3.53279931967523e+00
   3.52926475336725e+00
   3.52573372339344e+00
   3.52220622621571e+00
   3.51868225829949e+00
   3.51516181611376e+00
   3.51164489613103e+00
   3.50813149482732e+00
   3.50462160868221e+00
   3.50111523417876e+00
   3.49761236780359e+00
   3.49411300604682e+00
   3.49061714540206e+00
   3.48712478236646e+00
   3.48363591344066e+00
   3.48015053512881e+00
   3.47666864393853e+00
   3.47319023638097e+00
   3.46971530897075e+00
   3.46624385822599e+00
   3.46277588066827e+00
   3.45931137282268e+00
   3.45585033121776e+00
   3.45239275238555e+00
   3.44893863286153e+00
   3.44548796918467e+00
   3.44204075789740e+00
   3.43859699554559e+00
   3.43515667867859e+00
   3.43171980384919e+00
   3.42828636761363e+00
   3.42485636653160e+00
   3.42142979716622e+00
   3.41800665608406e+00
   3.41458693985512e+00
   3.41117064505284e+00
   3.40775776825408e+00
   3.40434830603912e+00
   3.40094225499168e+00
   3.39753961169888e+00
   3.39414037275126e+00
   3.39074453474278e+00
   3.38735209427079e+00
   3.38396304793605e+00
   3.38057739234274e+00
   3.37719512409841e+00
   3.37381623981403e+00
   3.37044073610393e+00
   3.36706860958586e+00
   3.36369985688093e+00
   3.36033447461365e+00
   3.35697245941188e+00
   3.35361380790688e+00
   3.35025851673328e+00
   3.34690658252905e+00
   3.34355800193555e+00
   3.34021277159749e+00
   3.33687088816295e+00
   3.33353234828334e+00
   3.33019714861343e+00
   3.32686528581135e+00
   3.32353675653855e+00
   3.32021155745985e+00
   3.31688968524339e+00
   3.31357113656062e+00
   3.31025590808637e+00
   3.30694399649876e+00
   3.30363539847924e+00
   3.30033011071260e+00
   3.29702812988691e+00
   3.29372945269359e+00
   3.29043407582736e+00
   3.28714199598622e+00
   3.28385320987152e+00
   3.28056771418787e+00
   3.27728550564320e+00
   3.27400658094873e+00
   3.27073093681896e+00
   3.26745856997169e+00
   3.26418947712799e+00
   3.26092365501223e+00
   3.25766110035204e+00
   3.25440180987833e+00
   3.25114578032528e+00
   3.24789300843035e+00
   3.24464349093423e+00
   3.24139722458091e+00
   3.23815420611762e+00
   3.23491443229484e+00
   3.23167789986632e+00
   3.22844460558902e+00
   3.22521454622319e+00
   3.22198771853229e+00
   3.21876411928304e+00
   3.21554374524537e+00
   3.21232659319246e+00
   3.20911265990072e+00
   3.20590194214977e+00
   3.20269443672247e+00
   3.19949014040488e+00
   3.19628904998629e+00
   3.19309116225920e+00
   3.18989647401931e+00
   3.18670498206554e+00
   3.18351668320000e+00
   3.18033157422800e+00
   3.17714965195806e+00
   3.17397091320189e+00
   3.17079535477437e+00
   3.16762297349358e+00
   3.16445376618080e+00
   3.16128772966046e+00
   3.15812486076018e+00
   3.15496515631077e+00
   3.15180861314619e+00
   3.14865522810356e+00
   3.14550499802320e+00
   3.14235791974856e+00
   3.13921399012626e+00
   3.13607320600606e+00
   3.13293556424091e+00
   3.12980106168686e+00
   3.12666969520314e+00
   3.12354146165211e+00
   3.12041635789926e+00
   3.11729438081325e+00
   3.11417552726583e+00
   3.11105979413190e+00
   3.10794717828949e+00
   3.10483767661975e+00
   3.10173128600695e+00
   3.09862800333847e+00
   3.09552782550482e+00
   3.09243074939961e+00
   3.08933677191956e+00
   3.08624588996450e+00
   3.08315810043734e+00
   3.08007340024413e+00
   3.07699178629396e+00
   3.07391325549907e+00
   3.07083780477476e+00
   3.06776543103940e+00
   3.06469613121448e+00
   3.06162990222455e+00
   3.05856674099723e+00
   3.05550664446323e+00
   3.05244960955632e+00
   3.04939563321334e+00
   3.04634471237421e+00
   3.04329684398188e+00
   3.04025202498239e+00
   3.03721025232481e+00
   3.03417152296128e+00
   3.03113583384699e+00
   3.02810318194017e+00
   3.02507356420208e+00
   3.02204697759704e+00
   3.01902341909241e+00
   3.01600288565856e+00
   3.01298537426892e+00
   3.00997088189993e+00
   3.00695940553105e+00
   3.00395094214478e+00
   3.00094548872663e+00
   2.99794304226513e+00
   2.99494359975181e+00
   2.99194715818123e+00
   2.98895371455093e+00
   2.98596326586149e+00
   2.98297580911646e+00
   2.97999134132240e+00
   2.97700985948887e+00
   2.97403136062841e+00
   2.97105584175655e+00
   2.96808329989182e+00
   2.96511373205572e+00
   2.96214713527274e+00
   2.95918350657033e+00
   2.95622284297894e+00
   2.95326514153196e+00
   2.95031039926576e+00
   2.94735861321970e+00
   2.94440978043607e+00
   2.94146389796014e+00
   2.93852096284011e+00
   2.93558097212715e+00
   2.93264392287540e+00
   2.92970981214191e+00
   2.92677863698670e+00
   2.92385039447272e+00
   2.92092508166587e+00
   2.91800269563496e+00
   2.91508323345177e+00
   2.91216669219097e+00
   2.90925306893020e+00
   2.90634236074998e+00
   2.90343456473378e+00
   2.90052967796798e+00
   2.89762769754187e+00
   2.89472862054766e+00
   2.89183244408047e+00
   2.88893916523832e+00
   2.88604878112213e+00
   2.88316128883573e+00
   2.88027668548584e+00
   2.87739496818209e+00
   2.87451613403698e+00
   2.87164018016591e+00
   2.86876710368716e+00
   2.86589690172192e+00
   2.86302957139422e+00
   2.86016510983098e+00
   2.85730351416202e+00
   2.85444478152001e+00
   2.85158890904047e+00
   2.84873589386183e+00
   2.84588573312535e+00
   2.84303842397517e+00
   2.84019396355826e+00
   2.83735234902447e+00
   2.83451357752650e+00
   2.83167764621988e+00
   2.82884455226301e+00
   2.82601429281712e+00
   2.82318686504627e+00
   2.82036226611738e+00
   2.81754049320019e+00
   2.81472154346727e+00
   2.81190541409403e+00
   2.80909210225869e+00
   2.80628160514232e+00
   2.80347391992878e+00
   2.80066904380476e+00
   2.79786697395977e+00
   2.79506770758613e+00
   2.79227124187896e+00
   2.78947757403620e+00
   2.78668670125858e+00
   2.78389862074964e+00
   2.78111332971571e+00
   2.77833082536593e+00
   2.77555110491221e+00
   2.77277416556927e+00
   2.77000000455461e+00
   2.76722861908850e+00
   2.76446000639401e+00
   2.76169416369699e+00
   2.75893108822604e+00
   2.75617077721257e+00
   2.75341322789072e+00
   2.75065843749743e+00
   2.74790640327238e+00
   2.74515712245804e+00
   2.74241059229961e+00
   2.73966681004506e+00
   2.73692577294511e+00
   2.73418747825324e+00
   2.73145192322566e+00
   2.72871910512135e+00
   2.72598902120200e+00
   2.72326166873207e+00
   2.72053704497874e+00
   2.71781514721193e+00
   2.71509597270429e+00
   2.71237951873120e+00
   2.70966578257076e+00
   2.70695476150380e+00
   2.70424645281387e+00
   2.70154085378723e+00
   2.69883796171288e+00
   2.69613777388249e+00
   2.69344028759048e+00
   2.69074550013395e+00
   2.68805340881272e+00
   2.68536401092930e+00
   2.68267730378892e+00
   2.67999328469948e+00
   2.67731195097158e+00
   2.67463329991853e+00
   2.67195732885630e+00
   2.66928403510357e+00
   2.66661341598168e+00
   2.66394546881466e+00
   2.66128019092923e+00
   2.65861757965477e+00
   2.65595763232334e+00
   2.65330034626965e+00
   2.65064571883110e+00
   2.64799374734775e+00
   2.64534442916230e+00
   2.64269776162015e+00
   2.64005374206931e+00
   2.63741236786047e+00
   2.63477363634697e+00
   2.63213754488478e+00
   2.62950409083254e+00
   2.62687327155153e+00
   2.62424508440564e+00
   2.62161952676142e+00
   2.61899659598807e+00
   2.61637628945740e+00
   2.61375860454384e+00
   2.61114353862448e+00
   2.60853108907900e+00
   2.60592125328973e+00
   2.60331402864161e+00
   2.60070941252217e+00
   2.59810740232160e+00
   2.59550799543267e+00
   2.59291118925076e+00
   2.59031698117387e+00
   2.58772536860260e+00
   2.58513634894013e+00
   2.58254991959227e+00
   2.57996607796740e+00
   2.57738482147651e+00
   2.57480614753316e+00
   2.57223005355353e+00
   2.56965653695635e+00
   2.56708559516296e+00
   2.56451722559726e+00
   2.56195142568574e+00
   2.55938819285745e+00
   2.55682752454404e+00
   2.55426941817970e+00
   2.55171387120121e+00
   2.54916088104790e+00
   2.54661044516165e+00
   2.54406256098694e+00
   2.54151722597077e+00
   2.53897443756271e+00
   2.53643419321487e+00
   2.53389649038192e+00
   2.53136132652109e+00
   2.52882869909211e+00
   2.52629860555731e+00
   2.52377104338150e+00
   2.52124601003208e+00
   2.51872350297894e+00
   2.51620351969452e+00
   2.51368605765381e+00
   2.51117111433428e+00
   2.50865868721597e+00
   2.50614877378140e+00
   2.50364137151565e+00
   2.50113647790628e+00
   2.49863409044338e+00
   2.49613420661956e+00
   2.49363682392992e+00
   2.49114193987207e+00
   2.48864955194615e+00
   2.48615965765475e+00
   2.48367225450301e+00
   2.48118733999854e+00
   2.47870491165145e+00
   2.47622496697432e+00
   2.47374750348227e+00
   2.47127251869284e+00
   2.46880001012612e+00
   2.46632997530462e+00
   2.46386241175338e+00
   2.46139731699988e+00
   2.45893468857409e+00
   2.45647452400845e+00
   2.45401682083787e+00
   2.45156157659972e+00
   2.44910878883384e+00
   2.44665845508253e+00
   2.44421057289055e+00
   2.44176513980511e+00
   2.43932215337587e+00
   2.43688161115497e+00
   2.43444351069696e+00
   2.43200784955887e+00
   2.42957462530016e+00
   2.42714383548272e+00
   2.42471547767089e+00
   2.42228954943146e+00
   2.41986604833364e+00
   2.41744497194908e+00
   2.41502631785184e+00
   2.41261008361842e+00
   2.41019626682776e+00
   2.40778486506120e+00
   2.40537587590251e+00
   2.40296929693787e+00
   2.40056512575589e+00
   2.39816335994758e+00
   2.39576399710636e+00
   2.39336703482806e+00
   2.39097247071092e+00
   2.38858030235558e+00
   2.38619052736508e+00
   2.38380314334485e+00
   2.38141814790273e+00
   2.37903553864895e+00
   2.37665531319613e+00
   2.37427746915926e+00
   2.37190200415576e+00
   2.36952891580538e+00
   2.36715820173030e+00
   2.36478985955504e+00
   2.36242388690652e+00
   2.36006028141403e+00
   2.35769904070923e+00
   2.35534016242615e+00
   2.35298364420119e+00
   2.35062948367310e+00
   2.34827767848301e+00
   2.34592822627440e+00
   2.34358112469313e+00
   2.34123637138737e+00
   2.33889396400769e+00
   2.33655390020698e+00
   2.33421617764050e+00
   2.33188079396583e+00
   2.32954774684292e+00
   2.32721703393404e+00
   2.32488865290382e+00
   2.32256260141920e+00
   2.32023887714949e+00
   2.31791747776629e+00
   2.31559840094356e+00
   2.31328164435758e+00
   2.31096720568695e+00
   2.30865508261260e+00
   2.30634527281777e+00
   2.30403777398802e+00
   2.30173258381123e+00
   2.29942969997760e+00
   2.29712912017963e+00
   2.29483084211213e+00
   2.29253486347223e+00
   2.29024118195933e+00
   2.28794979527517e+00
   2.28566070112376e+00
   2.28337389721144e+00
   2.28108938124682e+00
   2.27880715094079e+00
   2.27652720400657e+00
   2.27424953815964e+00
   2.27197415111776e+00
   2.26970104060100e+00
   2.26743020433169e+00
   2.26516164003445e+00
   2.26289534543616e+00
   2.26063131826600e+00
   2.25836955625539e+00
   2.25611005713806e+00
   2.25385281864997e+00
   2.25159783852936e+00
   2.24934511451674e+00
   2.24709464435487e+00
   2.24484642578877e+00
   2.24260045656572e+00
   2.24035673443526e+00
   2.23811525714915e+00
   2.23587602246145e+00
   2.23363902812843e+00
   2.23140427190860e+00
   2.22917175156275e+00
   2.22694146485388e+00
   2.22471340954723e+00
   2.22248758341028e+00
   2.22026398421276e+00
   2.21804260972660e+00
   2.21582345772599e+00
   2.21360652598732e+00
   2.21139181228923e+00
   2.20917931441256e+00
   2.20696903014039e+00
   2.20476095725800e+00
   2.20255509355289e+00
   2.20035143681479e+00
   2.19814998483563e+00
   2.19595073540953e+00
   2.19375368633286e+00
   2.19155883540415e+00
   2.18936618042416e+00
   2.18717571919584e+00
   2.18498744952435e+00
   2.18280136921702e+00
   2.18061747608341e+00
   2.17843576793525e+00
   2.17625624258645e+00
   2.17407889785312e+00
   2.17190373155356e+00
   2.16973074150825e+00
   2.16755992553984e+00
   2.16539128147317e+00
   2.16322480713525e+00
   2.16106050035526e+00
   2.15889835896457e+00
   2.15673838079670e+00
   2.15458056368734e+00
   2.15242490547437e+00
   2.15027140399779e+00
   2.14812005709981e+00
   2.14597086262475e+00
   2.14382381841912e+00
   2.14167892233158e+00
   2.13953617221293e+00
   2.13739556591613e+00
   2.13525710129629e+00
   2.13312077621065e+00
   2.13098658851862e+00
   2.12885453608173e+00
   2.12672461676366e+00
   2.12459682843023e+00
   2.12247116894937e+00
   2.12034763619118e+00
   2.11822622802787e+00
   2.11610694233378e+00
   2.11398977698538e+00
   2.11187472986126e+00
   2.10976179884214e+00
   2.10765098181086e+00
   2.10554227665237e+00
   2.10343568125375e+00
   2.10133119350417e+00
   2.09922881129493e+00
   2.09712853251945e+00
   2.09503035507323e+00
   2.09293427685390e+00
   2.09084029576117e+00
   2.08874840969687e+00
   2.08665861656493e+00
   2.08457091427137e+00
   2.08248530072430e+00
   2.08040177383393e+00
   2.07832033151257e+00
   2.07624097167459e+00
   2.07416369223647e+00
   2.07208849111678e+00
   2.07001536623616e+00
   2.06794431551733e+00
   2.06587533688508e+00
   2.06380842826630e+00
   2.06174358758994e+00
   2.05968081278702e+00
   2.05762010179063e+00
   2.05556145253594e+00
   2.05350486296017e+00
   2.05145033100261e+00
   2.04939785460462e+00
   2.04734743170961e+00
   2.04529906026304e+00
   2.04325273821245e+00
   2.04120846350741e+00
   2.03916623409956e+00
   2.03712604794257e+00
   2.03508790299216e+00
   2.03305179720612e+00
   2.03101772854426e+00
   2.02898569496844e+00
   2.02695569444254e+00
   2.02492772493251e+00
   2.02290178440631e+00
   2.02087787083395e+00
   2.01885598218745e+00
   2.01683611644088e+00
   2.01481827157033e+00
   2.01280244555390e+00
   2.01078863637174e+00
   2.00877684200600e+00
   2.00676706044086e+00
   2.00475928966252e+00
   2.00275352765917e+00
   2.00074977242103e+00
   1.99874802194035e+00
   1.99674827421136e+00
   1.99475052723030e+00
   1.99275477899544e+00
   1.99076102750701e+00
   1.98876927076728e+00
   1.98677950678050e+00
   1.98479173355292e+00
   1.98280594909278e+00
   1.98082215141033e+00
   1.97884033851779e+00
   1.97686050842938e+00
   1.97488265916130e+00
   1.97290678873174e+00
   1.97093289516088e+00
   1.96896097647087e+00
   1.96699103068583e+00
   1.96502305583188e+00
   1.96305704993710e+00
   1.96109301103154e+00
   1.95913093714724e+00
   1.95717082631818e+00
   1.95521267658034e+00
   1.95325648597163e+00
   1.95130225253196e+00
   1.94934997430316e+00
   1.94739964932906e+00
   1.94545127565542e+00
   1.94350485132997e+00
   1.94156037440238e+00
   1.93961784292428e+00
   1.93767725494924e+00
   1.93573860853280e+00
   1.93380190173242e+00
   1.93186713260752e+00
   1.92993429921945e+00
   1.92800339963150e+00
   1.92607443190892e+00
   1.92414739411886e+00
   1.92222228433044e+00
   1.92029910061467e+00
   1.91837784104454e+00
   1.91645850369492e+00
   1.91454108664265e+00
   1.91262558796645e+00
   1.91071200574700e+00
   1.90880033806688e+00
   1.90689058301059e+00
   1.90498273866455e+00
   1.90307680311710e+00
   1.90117277445848e+00
   1.89927065078085e+00
   1.89737043017828e+00
   1.89547211074674e+00
   1.89357569058410e+00
   1.89168116779016e+00
   1.88978854046658e+00
   1.88789780671696e+00
   1.88600896464677e+00
   1.88412201236338e+00
   1.88223694797607e+00
   1.88035376959600e+00
   1.87847247533620e+00
   1.87659306331163e+00
   1.87471553163910e+00
   1.87283987843732e+00
   1.87096610182688e+00
   1.86909419993025e+00
   1.86722417087178e+00
   1.86535601277770e+00
   1.86348972377610e+00
   1.86162530199696e+00
   1.85976274557212e+00
   1.85790205263529e+00
   1.85604322132206e+00
   1.85418624976986e+00
   1.85233113611801e+00
   1.85047787850768e+00
   1.84862647508190e+00
   1.84677692398555e+00
   1.84492922336539e+00
   1.84308337137000e+00
   1.84123936614984e+00
   1.83939720585721e+00
