   0.00000000000000e+00
   2.10166269311456e-02
  -2.14875749953620e-02
   2.45971629848868e-02
   1.20581242407292e-01
   7.07312421860726e-02
   4.46005098050789e-02
   4.44146037308751e-02
   5.16464103011229e-02
   6.85033676386545e-02
   1.16471529727308e-01
   1.27794115312461e-01
   1.86589604307376e-01
   1.05779533851830e-01
   1.03901315145536e-01
   1.41643611262012e-01
   1.69326723199154e-01
   1.51153919896526e-01
   1.24381798177217e-01
   1.65480685780493e-01
   1.30462549083642e-01
   1.46754643454632e-01
   1.37837095333610e-01
   9.20126103363014e-02
   1.34388767861015e-01
   9.87627342239949e-02
   9.74255319450101e-02
   7.62111378147987e-02
   6.35964483684241e-02
   2.32293327084530e-02
  -4.76210449086007e-02
  -7.06392688750339e-02
  -7.30064543923399e-02
  -6.85779899986234e-02
  -8.31549460094797e-02
  -1.73622368597068e-01
  -7.82319041203635e-02
  -1.45006613763350e-01
  -1.58421730458653e-01
  -2.58305179500143e-01
  -2.42237229899822e-01
  -1.69782151330092e-01
  -1.65238764149535e-01
  -1.66957139028418e-01
  -1.45110477106350e-01
  -1.00939838915093e-01
  -1.45572501990846e-01
  -1.85859412502920e-01
  -2.24794650342385e-01
  -1.84372730216245e-01
  -1.56818110808241e-01
  -1.07761618560060e-01
  -1.27556150043317e-01
  -1.22047377265207e-01
  -7.84322917912319e-02
  -1.05252717887054e-01
  -1.56610576742251e-01
  -1.83783227449425e-01
  -2.11632886278148e-01
  -2.23641624536919e-01
  -1.72966597830733e-01
  -2.13979331471663e-01
  -2.72685265346099e-01
  -2.54853740641153e-01
  -1.72396817474956e-01
  -9.47031555049010e-02
  -7.48503312399832e-02
  -3.03157581406947e-02
   1.80332579054994e-02
  -8.10387674060879e-02
  -1.45561612275089e-01
  -5.39874556860968e-02
  -2.97632274938027e-02
  -7.87507219667647e-03
   7.26604417264900e-02
   7.48363431607741e-02
  -1.81545927811401e-02
   1.50593800383640e-02
   6.67909032188094e-02
   9.52374980256680e-02
   1.01998361176497e-01
   1.05650451202888e-01
   9.72814024141965e-02
   1.45304589631659e-01
   1.84543907803659e-01
   2.23747657140380e-01
   2.66343005811344e-01
   2.61009873772941e-01
   2.69438643373842e-01
   2.52488835048556e-01
   1.52408827694003e-01
   1.42307342046662e-01
   1.64048303461055e-01
   1.57183508223718e-01
   1.72034197670876e-01
   2.25517626575808e-01
   2.33050855678633e-01
   2.01117649709664e-01
   2.49608588655257e-01
   2.46918788579255e-01
   2.40807519203993e-01
   3.07259232583388e-01
   3.37929311387054e-01
   3.69423817750445e-01
   3.74318777593485e-01
   3.41791046994667e-01
   3.56624903282270e-01
   4.33843154039551e-01
   4.05274131279688e-01
   3.90279037171867e-01
   3.68214304005199e-01
   4.38576788452405e-01
   3.95139228617067e-01
   3.62073771516864e-01
   3.15300034840279e-01
   3.58566734121775e-01
   3.35921780644586e-01
   3.52229596330699e-01
   3.83337066860212e-01
   3.99273873532210e-01
   3.93586806322126e-01
   4.15587093785423e-01
   4.64086637560176e-01
   4.27342264357337e-01
   4.81319869893813e-01
   4.57084072254261e-01
   4.17960980738250e-01
   3.79782091578115e-01
   3.25814815515185e-01
   3.28751825118022e-01
   3.56682486182177e-01
   4.20062363742060e-01
   3.70202032589467e-01
   3.00149390835784e-01
   2.87964911133654e-01
   3.27602106540738e-01
   4.39423835641997e-01
   4.46137514544340e-01
   4.77640904340178e-01
   5.02618709470229e-01
   5.71920165982481e-01
   5.92656373396928e-01
   6.29288838123551e-01
   6.38244647389242e-01
   6.05844273156792e-01
   5.98474800248173e-01
   6.42690547079474e-01
   6.17846459537112e-01
   5.57174318006461e-01
   5.38288536237178e-01
   4.62023733879807e-01
   4.62615286924355e-01
   4.58483163518398e-01
   4.80520961168557e-01
   5.30851727427522e-01
   5.47737431428667e-01
   5.25991367796536e-01
   5.58460809894686e-01
   5.36111208697160e-01
   5.03641884627925e-01
   5.04537205558816e-01
   5.52768718989121e-01
   5.67228786442691e-01
   5.31176436554184e-01
   5.53201255155516e-01
   6.18168571823867e-01
   5.56051982603780e-01
   5.33516584870229e-01
   5.44325499701500e-01
   5.50232400272476e-01
   5.72022587751803e-01
   5.47539870313485e-01
   5.16562263405073e-01
   4.70956566264675e-01
   4.99115788692247e-01
   5.19046008463982e-01
   5.07704787670880e-01
   5.30304155166639e-01
   4.85898187262420e-01
   5.29443575727135e-01
   5.16508616234500e-01
   4.53295595558233e-01
   4.39994668233337e-01
   4.63165423903236e-01
   4.30674359121728e-01
   4.41910948245902e-01
   4.38173974080725e-01
   4.16903684369138e-01
   4.00611874780462e-01
   3.98515152958811e-01
   4.19510052243652e-01
   3.79205077100473e-01
   3.95606742422521e-01
   3.80414058391880e-01
   3.53340593468860e-01
   3.20370288597385e-01
   3.34803596376968e-01
   3.61637772082019e-01
   4.06609199968663e-01
   3.11762104783328e-01
   2.73925135930229e-01
   2.39069551508485e-01
   2.44900249831837e-01
   2.57676394563548e-01
   2.16068731304866e-01
   2.36819234730365e-01
   3.01076423471465e-01
   3.00278123936525e-01
   3.09254708017089e-01
   2.77432637198069e-01
   2.48146883323527e-01
   1.99154488817110e-01
   1.86886709828928e-01
   2.07143816801014e-01
   2.37247024452445e-01
   1.84787184378606e-01
   1.45982461357604e-01
   1.48606571800871e-01
   1.04438085995003e-01
   1.15964088699647e-01
   1.01693059631713e-01
   9.75118676278284e-02
   1.49224858143315e-01
   7.80928709653243e-02
   1.49119112734554e-01
   2.10238170820866e-01
   1.89242096780807e-01
   2.14201883344133e-01
   2.22270521488500e-01
   2.25444191372178e-01
   2.22328615998082e-01
   2.50660743729272e-01
   2.31365418175476e-01
   3.46348804843473e-01
   2.59046247540767e-01
   2.26265832796411e-01
   2.00379730509678e-01
   1.66661519172959e-01
   1.44920359781594e-01
   1.56984797756925e-01
   1.05176029948188e-01
   6.04907606602261e-02
  -1.37932994072423e-02
  -3.82995719457528e-02
   8.59942491350970e-03
   5.67028629367469e-02
   7.46587524124797e-02
   6.07798402380318e-03
  -1.26071462995460e-02
  -4.16690242546689e-02
  -1.84537609577923e-02
  -4.20427272134690e-02
  -1.93692694566989e-02
  -2.51191372782224e-02
  -6.63222634775433e-02
  -4.42696682300744e-02
  -6.19295353103019e-02
  -9.06200339294030e-02
  -6.95616841185335e-02
  -7.95782899115032e-02
   1.25319683789872e-02
  -1.78149049630894e-02
  -2.64170666764249e-02
  -2.85116925705988e-02
  -1.62469769095536e-02
  -3.87883529487705e-02
   1.67495353465883e-02
  -1.46585998763694e-03
  -7.61645155389100e-04
  -3.67307518466619e-02
  -7.70472973310460e-02
  -4.90802368480170e-02
  -3.64465586706077e-02
  -5.67154036015282e-02
   2.95490653040300e-02
  -5.67787717680173e-02
  -3.36203647106904e-02
  -3.25523366012171e-02
  -8.34339663702541e-02
  -4.03284787840007e-02
  -7.26521562330287e-02
  -1.35187082718952e-01
  -1.54431058300287e-01
  -7.99006784758624e-02
  -6.44499739989156e-02
  -3.22360536047616e-02
   1.99202300006436e-02
   3.00648888000048e-02
   1.18464285476040e-01
   5.87483188997519e-02
   7.11094299623731e-02
   4.18526450602082e-02
   3.77722026265657e-02
   8.64473557256467e-02
   1.00911392008263e-01
   9.00673124279584e-02
   7.10794682817249e-02
   9.88610819374648e-02
   4.39608200829297e-02
   1.55367965436740e-02
  -7.92116534441425e-03
  -1.32015873571595e-02
   1.90929714648438e-02
   8.54851163666981e-02
   1.60873295585809e-01
   1.30037869631498e-01
   1.42861517863266e-01
   1.82190992269939e-01
   1.74110869990559e-01
   8.43611713225557e-02
   4.72428947329104e-02
   6.06726297391600e-02
   1.23075263207352e-01
   1.32770196218505e-01
   9.91365847331622e-02
   6.12080314156319e-02
   5.38474839681895e-02
   1.48334881734518e-02
   3.21703493936784e-03
  -5.28753169353434e-02
  -1.20300994958438e-01
  -1.96183572412455e-01
  -1.55851004692677e-01
  -1.08829716378287e-01
  -6.57154623368947e-02
  -8.04296063442989e-02
  -3.60115314102398e-02
   4.63307763022435e-02
  -4.73870754677926e-02
  -3.51375057602938e-02
  -1.78380227496994e-02
   2.91243199916863e-02
   1.90188368266364e-02
   6.61896818853740e-02
  -4.10875835146964e-02
  -2.43718696587068e-02
  -9.26199094985320e-03
   6.44215948976890e-02
   5.04363843308173e-02
   9.20469959737182e-02
   1.32292902242820e-01
   4.32715347993221e-02
   5.28435494744121e-02
   2.33253644173983e-02
   7.07084503661324e-02
   4.59044358457970e-02
   7.20994654553134e-02
   8.87185638781752e-02
   6.83222322435507e-02
   8.74608824211856e-02
   7.97632916431022e-02
   6.72249921426065e-02
   5.14510587846455e-02
   2.40398610874305e-02
   2.69864977765037e-02
   7.40666550031627e-02
   9.22074237675474e-02
   1.54182805471360e-01
   1.41196872259761e-01
   1.29190017018600e-01
   2.00547950532045e-01
   1.83622021441623e-01
   2.16219383847894e-01
   2.72518957181470e-01
   2.31650094069986e-01
   1.65445235101867e-01
   8.54819561250183e-02
   6.77297522964540e-02
   1.50623572522623e-01
   1.28232443018240e-01
   6.20812716257287e-02
   9.57800248535210e-02
   1.23256344998821e-01
   3.41918804576447e-02
   6.75876905909152e-02
   9.58146309046363e-02
   1.99959446499483e-01
   1.76552568309142e-01
   2.28378827755142e-01
   2.44853939291912e-01
   2.30620890397271e-01
   2.04810749128219e-01
   2.92653882116855e-01
   2.96384283274304e-01
   3.08666203152463e-01
   3.54084697681438e-01
   3.61369571721883e-01
   2.83222926407135e-01
   2.32203232009436e-01
   1.58394213032882e-01
   1.56632215360031e-01
   1.40497390629146e-01
   7.21494803969371e-02
   1.05953921686867e-01
   9.24135030651526e-02
   1.14954871359753e-01
   1.15244285882829e-01
   6.32247960834175e-02
  -2.91981645042969e-02
  -5.18770953467409e-02
  -5.29926490902989e-02
  -2.26425180560215e-03
   4.88486845112671e-02
   2.16301008754063e-02
   3.58969591088005e-02
   7.04893444649045e-02
   5.48032598245548e-02
   4.00917054135978e-02
  -8.32296969907929e-03
  -5.48952813550185e-02
  -5.10006760246402e-02
   8.17439104995201e-03
   7.41414991779268e-03
  -2.27656527671467e-02
  -2.93688587538374e-02
  -1.00593877447873e-01
  -1.02157336681638e-01
  -4.09953350368365e-02
  -1.05815103838086e-01
  -1.76725524278034e-01
  -2.13504588817267e-01
  -2.33576584308275e-01
  -2.11663354876714e-01
  -2.02442291971889e-01
  -2.37601359571238e-01
  -2.64934335745269e-01
  -2.16041559344747e-01
  -2.04474157263137e-01
  -1.75645242316025e-01
  -2.15228569340998e-01
  -1.95296922314192e-01
  -2.21761549064918e-01
  -2.53458923787073e-01
  -2.53869249213990e-01
  -1.99069988973851e-01
  -2.33381457243827e-01
  -2.27500005536840e-01
  -3.09595053648528e-01
  -3.17113981987793e-01
  -2.42939636161889e-01
  -1.75186831930827e-01
  -1.58577435389150e-01
  -1.48860936993568e-01
   9.96230598099525e-04
   6.17450322135066e-02
   7.09245520877672e-03
   3.61221983236369e-03
   1.09671356280100e-02
   3.35012295862034e-02
   1.19261268505413e-01
   1.04965575268479e-01
   1.46538075644772e-01
   1.43425257261090e-01
   1.05622948285146e-01
   9.04711339127509e-02
   7.02127070288173e-02
   1.23737083668567e-01
   1.49776243663971e-01
   1.40297414499782e-01
   7.87190326122023e-02
   1.69843316106506e-01
   1.38584521471178e-01
   1.36451764508941e-01
   8.45703307805453e-02
   1.24197427839459e-01
   1.69545867533719e-01
   1.82234429756147e-01
   2.26229175379222e-01
   3.27328768245684e-01
   2.96737408495283e-01
   3.62045169455942e-01
   2.62463742644365e-01
   2.37668581399900e-01
   1.87024378127017e-01
   2.10779777424937e-01
   8.77302335458057e-02
   9.85423939669188e-02
   1.79612002564170e-01
   1.61383785417198e-01
   1.20061766323953e-01
   1.58621667172891e-01
   1.04162360026410e-01
   1.27459164943942e-01
   1.53309935109988e-01
   2.37251429286907e-01
   2.30722835378180e-01
   2.32850741656556e-01
   1.99275444985434e-01
   1.54904695522272e-01
   1.95767568012355e-01
   1.82446652394346e-01
   2.00039822484829e-01
   1.15986603961376e-01
   1.33655929177184e-01
   1.81989368553103e-01
   1.49243468629369e-01
   1.63066347067033e-01
   2.89963260302274e-01
   3.35299815133772e-01
   3.65608861531275e-01
   3.65546445013506e-01
   3.02048711783274e-01
   2.98385207278076e-01
   2.28091470359076e-01
   2.19793012152203e-01
   2.15944509439809e-01
   2.39255108143860e-01
   2.72258469610615e-01
   3.55484817205490e-01
   2.99183511410152e-01
   2.77606745250069e-01
   2.75214886659463e-01
   2.00362403569183e-01
   2.64215842427117e-01
   2.98665379158152e-01
   2.52619650895159e-01
   2.61390047490050e-01
   3.43451022567688e-01
   3.06580088981127e-01
   3.17626103092504e-01
   3.36247724129665e-01
   3.97143726744571e-01
   3.64504895603235e-01
   2.60156479683137e-01
   3.25197348406200e-01
   3.49331371069553e-01
   3.16934659111240e-01
   2.36524647031442e-01
   2.62784249429772e-01
   3.24685647918059e-01
   2.94812399503451e-01
   2.36224062293216e-01
   2.57144387232240e-01
   2.32174358521899e-01
   2.60621871212574e-01
   2.49460160430461e-01
   2.25073144896150e-01
   2.44266511199415e-01
   3.61583371321501e-01
   4.02819012380062e-01
   4.21824032536961e-01
   4.34392403400967e-01
   3.89222067347078e-01
   4.05411776766364e-01
   4.48790401775860e-01
   4.69566368056267e-01
   5.27814003837262e-01
   5.16501311012838e-01
   4.19074520153616e-01
   3.44685187016400e-01
   2.98886339307267e-01
   3.28876332878328e-01
   3.02066345961803e-01
   1.89623308926206e-01
   1.64303079251420e-01
   2.19731254819708e-01
   2.94478988267410e-01
   2.85736492836892e-01
   2.71753974616990e-01
   2.50997771189593e-01
   2.16012349816343e-01
   2.48961874229341e-01
   1.93152588105953e-01
   2.32232120593409e-01
   1.27539392835622e-01
   1.61494220963596e-01
   1.83857732866837e-01
   1.92741931386291e-01
   1.45266980344265e-01
   1.02076125684890e-01
   9.89661575347844e-02
   1.39379537154029e-01
   1.35023254041510e-01
   1.99421896845961e-01
   1.83621572383010e-01
   1.86271064277614e-01
   1.72954928434009e-01
   1.97564896996269e-01
   1.78831981490682e-01
   2.64440955325123e-01
   1.77720282522911e-01
   7.46134290492316e-02
   2.59961101210935e-02
   2.78944953253004e-02
   1.16321960949475e-01
   1.11694727095345e-01
   6.91239794937453e-02
   1.24929038585883e-01
   1.50306464825428e-01
   1.56798677784930e-01
   1.71941807777886e-01
   1.63982108749526e-01
   2.10507431525662e-01
   1.77884007594983e-01
   1.48716912234381e-01
   7.22689870366536e-02
   2.30047341677456e-01
   2.86639064297193e-01
   2.45306032659320e-01
   1.16171058940055e-01
   1.16999701867412e-01
   5.16482401141415e-02
   4.72039406280698e-02
  -5.69468720709665e-03
   4.37539862962107e-02
   7.38176639794825e-02
   6.52763441045805e-02
   9.63837769323821e-02
   1.28176166406266e-01
   9.75845613459930e-02
   1.47746090704624e-01
   2.40776575652155e-01
   2.84649260668579e-01
   2.62500212033184e-01
   2.14588478579226e-01
   2.42309138747628e-01
   1.80712281512547e-01
   2.10220823020603e-01
   2.35403993360604e-01
   2.29044107364352e-01
   2.28197341639951e-01
   2.83065172497850e-01
   1.85373518683519e-01
   2.20058552751616e-01
   1.47363008126056e-01
   1.06332901284329e-01
   7.99824715754545e-02
   3.92622137697874e-02
  -6.66394505180662e-02
  -3.15004638683363e-02
  -4.54671231134414e-03
   4.74698527728319e-03
   2.86781048198244e-03
  -4.88766163508089e-03
   2.70437007916126e-02
  -8.10848481100424e-03
  -6.76766371713744e-02
   2.09897258093458e-02
  -7.45671439035668e-02
  -6.90367416291038e-02
   4.49625569842009e-02
   3.97400639841480e-02
  -1.36844918130599e-02
   4.53118712802624e-02
   4.46919805105339e-02
   3.32455669348908e-02
  -1.18121013350241e-02
  -6.76578895981028e-02
  -1.03330237378697e-01
  -1.15236180751525e-01
  -1.50020695835295e-01
  -2.13909474373930e-01
  -2.36444732620122e-01
  -2.89197432805873e-01
  -2.70299583173598e-01
  -3.12056291152232e-01
  -2.24036624971225e-01
  -1.82833030129506e-01
  -9.12059351596073e-02
  -1.76387698620189e-01
  -2.38966394914044e-01
  -2.32567609519888e-01
  -2.27858291527380e-01
  -1.60143083492313e-01
  -2.20012903231315e-01
  -2.80773393398495e-01
  -3.38127543471767e-01
  -3.02886024931567e-01
  -2.77988925502896e-01
  -2.91844027642216e-01
  -2.55963306082737e-01
  -2.97366318909218e-01
  -2.76585902376683e-01
  -3.50196717634959e-01
  -1.86430552345873e-01
  -1.46307896269878e-01
  -1.58217386407716e-01
   1.83925171533748e-02
   9.93225790628525e-02
  -6.04909288979846e-02
   1.93351383353846e-02
  -2.22552780535944e-02
   5.77427281047101e-02
   3.36760142988149e-02
   4.74760598961462e-02
   3.89167685946788e-02
   2.61195872573087e-02
   2.19085511721194e-02
   3.41777403994876e-02
   7.58780368299111e-02
   3.78896629425030e-02
   1.30466292323815e-01
   1.27511385128527e-01
   1.05558194789005e-01
   6.54943021602879e-02
   4.67586565777615e-02
   1.59019214840721e-01
   2.29129728212261e-01
   8.74068082305475e-02
   5.71170308259597e-02
   1.43508000792024e-02
   1.41841180226405e-02
   6.62784321612890e-03
  -1.91514229819478e-01
  -3.24912042853299e-01
  -3.76254285677038e-01
  -3.84218443204230e-01
  -3.52423114148827e-01
  -5.33566202950020e-01
  -6.15366212240320e-01
  -6.36419807486098e-01
  -6.33529317021966e-01
  -5.96422833463654e-01
  -5.70515371692368e-01
  -5.69284292745540e-01
  -5.29200779583707e-01
  -5.05676832923467e-01
  -5.25524362661735e-01
  -6.10617377525269e-01
  -4.75700074992083e-01
  -5.18563103035010e-01
  -5.03092887607115e-01
  -4.40044086439443e-01
  -3.69051665948906e-01
  -4.21488464705092e-01
  -3.53189944132969e-01
  -1.32021641001610e-01
  -8.82747435580182e-02
  -9.86213114851653e-02
  -2.17280547630428e-01
  -2.51265443988488e-01
  -3.05493570085201e-01
  -2.56567109268714e-01
  -4.03864573088214e-01
  -3.10266293385142e-01
  -2.58520487564931e-01
  -3.31125248111357e-01
  -5.43658439778656e-01
  -6.54995242645742e-01
  -7.14231066803005e-01
  -6.74294210634923e-01
  -6.84183628759300e-01
  -6.45349183259820e-01
  -6.34733192181323e-01
  -6.56679486384536e-01
  -7.05151461912560e-01
  -6.55654450327425e-01
  -9.25412444602662e-01
  -9.04267978070311e-01
  -1.10992813677817e+00
  -1.05463093649060e+00
  -1.10243242114026e+00
  -1.07752251841264e+00
  -1.16087583939674e+00
  -1.31832774320496e+00
  -1.29148339151954e+00
  -1.21287222789305e+00
  -1.25571430686170e+00
  -1.08766549742069e+00
  -1.06686615434375e+00
  -1.09521149998222e+00
  -1.17498730491603e+00
  -1.06045791211556e+00
  -1.07251225152812e+00
  -1.14014905620063e+00
  -1.10774773471460e+00
  -1.22324520027288e+00
  -1.27822780916730e+00
  -1.39289618175733e+00
  -1.31453434127517e+00
  -1.21430869938675e+00
  -9.73184897876756e-01
  -1.14168509087154e+00
  -1.05956430263802e+00
  -9.27042388108524e-01
  -8.85350266305380e-01
  -9.77674589933478e-01
  -1.01313568733511e+00
  -8.51574145074492e-01
  -8.21845800386833e-01
  -8.49146477518211e-01
  -8.82389276917031e-01
  -1.07510206459719e+00
  -1.06252352859711e+00
  -9.26457230370386e-01
  -9.36019100285370e-01
  -1.13808659957545e+00
  -1.09591756320977e+00
  -1.04615428942460e+00
  -9.29679093901380e-01
  -5.70338710222993e-01
  -3.21891668847191e-01
  -1.75667130806080e-01
  -1.85342808598492e-01
  -1.37622401010876e-01
   1.03713758737721e-01
   5.81741398031683e-02
  -5.69539591160412e-02
  -3.12896347216391e-03
  -1.86644442132900e-01
  -1.58759660300458e-01
   3.00226184316552e-02
  -1.97735434455608e-01
  -3.17341511336218e-01
  -1.24606796731302e-01
   2.98694689326614e-02
   3.64620100339408e-01
   4.44612083628749e-01
   1.69090965837374e-01
   2.90119645434263e-01
   2.46798030673533e-01
   2.78715950855043e-01
   4.92253276497647e-01
   3.98851957091637e-01
   2.06104207673892e-01
   5.89092913462985e-01
   5.69610001040936e-01
   7.60449614511853e-01
   1.02072068712882e+00
   1.11667670263909e+00
   1.13654133902051e+00
   1.11299072740170e+00
   1.09431616671421e+00
   9.02730867484035e-01
   1.01183271684007e+00
   1.23478145299586e+00
   1.29484665316539e+00
   9.53543251739575e-01
   9.25767339982909e-01
   7.14916524223960e-01
   6.90013875113713e-01
   7.91319462177682e-01
   7.75088875579291e-01
   1.25451898705786e+00
   1.11227936475442e+00
   9.10064698500055e-01
   6.57187357791893e-01
   3.47675841872291e-01
   4.11979023790891e-01
   5.95668749343026e-01
   9.21467132193207e-01
   5.96344154222117e-01
   5.93047734386914e-01
   5.95618909092254e-01
   2.00818146498227e-01
   1.21627275466165e-01
   4.48966143696933e-01
   6.81576771350851e-01
   9.19632966043605e-01
   1.30093888663656e+00
   1.28134728037189e+00
   1.41670655876770e+00
   1.32240490143930e+00
   1.32803125989772e+00
   1.57970638410608e+00
   1.64991183964884e+00
   1.63875394481081e+00
   1.56678733817535e+00
   1.85402155370176e+00
   2.00023864800475e+00
   2.22829129638824e+00
   2.38680410893408e+00
   2.38423086809106e+00
   2.49197970045233e+00
   2.63013306545995e+00
   2.76241904105331e+00
   2.94438223732710e+00
   2.85156462515736e+00
   2.85647785251709e+00
   3.10939581275343e+00
   2.98292623381194e+00
   2.96016378824919e+00
   2.97391148025471e+00
   3.15659212749336e+00
   2.91330320529479e+00
   2.97941954654060e+00
   2.92069941479773e+00
   3.18427294702019e+00
   3.77348662318293e+00
   3.75707001346128e+00
   3.81730531673977e+00
   3.94633868788669e+00
   4.38934755246039e+00
   4.46975165551311e+00
   4.59342958570391e+00
   4.65407490773324e+00
   4.50804257579260e+00
   4.68981585498289e+00
   4.61495493734779e+00
   4.21454888955532e+00
   4.19232061962685e+00
   4.31039382089614e+00
   3.88834457583970e+00
   3.53776962280402e+00
   3.34542022008582e+00
   3.62738344950311e+00
   3.46257600427971e+00
   3.44621035874269e+00
   3.27143966545733e+00
   3.28900122543764e+00
   3.07959669890912e+00
   2.96281500436591e+00
   2.63508430870551e+00
   2.48621230449237e+00
   2.48228737636000e+00
   2.11900842768978e+00
   1.97177669156398e+00
   2.08159850346321e+00
   2.10814718165317e+00
   2.25381614923860e+00
   2.09786716770169e+00
   2.59149281666212e+00
   2.18000524157253e+00
   2.57228304041040e+00
   2.58051396947064e+00
   2.74916329201494e+00
   3.10192160229909e+00
   3.27770625344008e+00
   3.36393428021901e+00
   3.62002597191306e+00
   4.04560285528088e+00
   4.09993618830407e+00
   3.84294333339037e+00
   4.12461192713504e+00
   4.00450451167910e+00
   4.48030297355782e+00
   4.09222237432431e+00
   4.02471035332994e+00
   3.92768732924724e+00
   3.80809574142810e+00
   4.10158838426061e+00
   4.40571013386296e+00
   4.32461712667793e+00
   4.42603431665052e+00
   4.57657720421732e+00
   4.88806716263434e+00
   4.95308219230480e+00
   5.25703425199645e+00
   5.44027580098741e+00
   5.50028265364447e+00
   5.35212799125405e+00
   5.30538542420837e+00
   5.36790770045582e+00
   5.32179361356875e+00
   5.48208996903999e+00
   5.35867068544044e+00
   5.30545217100131e+00
   5.00317889312276e+00
   4.83133198850967e+00
   4.88134140004386e+00
   5.06289648403828e+00
   5.20920113568922e+00
   5.17377404557138e+00
   5.05657800792367e+00
   5.29686075224097e+00
   5.05037584219646e+00
   4.77211753721112e+00
   4.87785201712763e+00
   5.04743807942426e+00
   4.77272286976857e+00
   4.56979084966687e+00
   4.51942144685804e+00
   4.52874298795153e+00
   4.20163899400966e+00
   4.40202561659125e+00
   4.02232772147835e+00
   3.83732940776511e+00
   3.95844678207363e+00
   3.97443040144849e+00
   3.83297872331070e+00
   3.90620809117806e+00
   3.99149886790253e+00
   4.03537493988113e+00
   3.86998053213810e+00
   3.78038924573669e+00
   3.34301702046746e+00
   3.19812553523495e+00
   3.54822182059148e+00
   3.52760360595962e+00
   3.36552258867272e+00
   3.49188928923558e+00
   3.42936533015221e+00
   3.64270019385514e+00
   3.32564557676734e+00
   3.51990285614125e+00
   3.66468427956620e+00
   3.78094865542627e+00
   3.78684183925923e+00
   3.92422676099604e+00
   4.22873926375634e+00
   4.22093589245961e+00
   4.09533024549953e+00
   4.02280119245316e+00
   4.07231437511271e+00
   3.72970935743508e+00
   3.67138415919914e+00
   3.82638688376492e+00
   3.73107522065999e+00
   3.63709101134847e+00
   4.20822969232269e+00
