   1.00000000000000e+00
   9.99755022653638e-01
   9.99744374681939e-01
   9.99665799023368e-01
   9.92013133977454e-01
   9.97246477626996e-01
   9.98905606469781e-01
   9.98916352383050e-01
   9.98537241015655e-01
   9.97431686490340e-01
   9.92602874532125e-01
   9.91107989481905e-01
   9.81150453006238e-01
   9.93902595116301e-01
   9.94121586714986e-01
   9.89112322564978e-01
   9.84484147960012e-01
   9.87618181791796e-01
   9.91601988460315e-01
   9.85192999036395e-01
   9.90772570408043e-01
   9.88345215460983e-01
   9.89715706255803e-01
   9.95406347634644e-01
   9.90236277499327e-01
   9.94717803222218e-01
   9.94864385122174e-01
   9.96857341280840e-01
   9.97813196815593e-01
   9.99708362752250e-01
   9.98777124179869e-01
   9.97318155395319e-01
   9.97143802447579e-01
   9.97486605891115e-01
   9.96317146797199e-01
   9.84090947526558e-01
   9.96762252895353e-01
   9.88952353794456e-01
   9.86875735950557e-01
   9.65616833949402e-01
   9.69843774166104e-01
   9.85140087037956e-01
   9.85973966821314e-01
   9.85737777207059e-01
   9.89248809240807e-01
   9.94802282619715e-01
   9.89253827302201e-01
   9.82605299670491e-01
   9.74758623918876e-01
   9.83024921986313e-01
   9.87740130770153e-01
   9.94213655540863e-01
   9.91928184771257e-01
   9.92633168869843e-01
   9.96961324095299e-01
   9.94550445657772e-01
   9.88013018063311e-01
   9.83591122104638e-01
   9.78386029176619e-01
   9.75996721765638e-01
   9.85635480140263e-01
   9.78184240845189e-01
   9.64962697285628e-01
   9.69474703919787e-01
   9.85980448652712e-01
   9.95764961285436e-01
   9.97360523947105e-01
   9.99567796496000e-01
   9.99847420449144e-01
   9.96929242851965e-01
   9.90155645614320e-01
   9.98644928177750e-01
   9.99589066515705e-01
   9.99971296301696e-01
   9.97564825465430e-01
   9.97420686833018e-01
   9.99848237554203e-01
   9.99895817040915e-01
   9.97956760640254e-01
   9.95856291148696e-01
   9.95254345187891e-01
   9.94915194860349e-01
   9.95692045509283e-01
   9.90426003247097e-01
   9.84613557513934e-01
   9.77471702455572e-01
   9.68227058813304e-01
   9.69453315191990e-01
   9.67468290139449e-01
   9.71361131238447e-01
   9.89465053401405e-01
   9.90815176339031e-01
   9.87822232614931e-01
   9.88820697002610e-01
   9.86631671143432e-01
   9.77148808517165e-01
   9.75614400896850e-01
   9.81779826388631e-01
   9.72078377453796e-01
   9.72660599243391e-01
   9.73972613464616e-01
   9.57964670468937e-01
   9.49336873070435e-01
   9.39686556155865e-01
   9.38036876083282e-01
   9.47985066652802e-01
   9.43435733276588e-01
   9.17324158864765e-01
   9.27306900649274e-01
   9.32277410797875e-01
   9.39383204793616e-01
   9.14979844726006e-01
   9.30259817471249e-01
   9.40999655214723e-01
   9.54864044773554e-01
   9.41958044656097e-01
   9.48797535505814e-01
   9.43781232320607e-01
   9.33669983099475e-01
   9.28122771052029e-01
   9.29949743759237e-01
   9.22076964785008e-01
   9.03583840170002e-01
   9.17410733483805e-01
   8.96187636437467e-01
   9.05620735499256e-01
   9.20247448958839e-01
   9.33534003287719e-01
   9.50550281668044e-01
   9.49614945891051e-01
   9.40882832341016e-01
   9.18829513027726e-01
   9.36219904345899e-01
   9.57527606968944e-01
   9.60799293011889e-01
   9.49516090638121e-01
   9.10894736233568e-01
   9.08052963794270e-01
   8.95069510998717e-01
   8.84149995563672e-01
   8.52175881561526e-01
   8.41564090395556e-01
   8.22550893814267e-01
   8.17147993104462e-01
   8.32871011892148e-01
   8.35854976838204e-01
   8.12416276856034e-01
   8.24481487153799e-01
   8.54070051610052e-01
   8.62547206710031e-01
   8.96386576073506e-01
   8.95818084216220e-01
   8.97256579746262e-01
   8.87390000426467e-01
   8.63879225011418e-01
   8.55192567651160e-01
   8.65116803186781e-01
   8.48730885474874e-01
   8.59120589801764e-01
   8.74069073999509e-01
   8.73179333002197e-01
   8.49218438032873e-01
   8.41214898298561e-01
   8.58668942962670e-01
   8.47036879758740e-01
   8.11971533842084e-01
   8.44091068163440e-01
   8.54870716530263e-01
   8.48753439184931e-01
   8.45033013086613e-01
   8.32862527622451e-01
   8.44966501778490e-01
   8.60113398096355e-01
   8.81755655187786e-01
   8.67697178992772e-01
   8.57134602302073e-01
   8.62254425909130e-01
   8.50059177189180e-01
   8.71909474086352e-01
   8.49198120114580e-01
   8.55244191884348e-01
   8.86003374151343e-01
   8.91809399984634e-01
   8.80399652566509e-01
   8.95288913929128e-01
   8.89669444508880e-01
   8.91007399281646e-01
   9.00422086002540e-01
   9.07359500458171e-01
   9.07972712372385e-01
   8.98204283444359e-01
   9.15707076614917e-01
   9.08322765611099e-01
   9.14637045597354e-01
   9.25670314442724e-01
   9.38302311969356e-01
   9.32653383918474e-01
   9.21672305296026e-01
   9.01733182130407e-01
   9.40781935228629e-01
   9.53859448457224e-01
   9.64594650300769e-01
   9.62833023453464e-01
   9.58881540250961e-01
   9.70863387036590e-01
   9.65069943851864e-01
   9.44084711752159e-01
   9.44248031611423e-01
   9.40834855819885e-01
   9.51987760184161e-01
   9.61326846112148e-01
   9.74878559303614e-01
   9.77829230559102e-01
   9.72818258959091e-01
   9.64466522775289e-01
   9.78261483360140e-01
   9.86370352925952e-01
   9.85881601801075e-01
   9.93002558394854e-01
   9.91387066145159e-01
   9.93374203487732e-01
   9.93911620525491e-01
   9.85813395120848e-01
   9.96095000406495e-01
   9.85852959614278e-01
   9.72079203159645e-01
   9.77296801145706e-01
   9.70990616949185e-01
   9.68769270748644e-01
   9.67850568315431e-01
   9.68683097182513e-01
   9.60319587004182e-01
   9.66039192459916e-01
   9.25402794903920e-01
   9.57423755333973e-01
   9.67293398191088e-01
   9.74225975739298e-01
   9.82084512675755e-01
   9.86421008471082e-01
   9.84087213464867e-01
   9.92825272573098e-01
   9.97622967693270e-01
   9.99876465466883e-01
   9.99050683095084e-01
   9.99952277257716e-01
   9.97932375731157e-01
   9.96424278557831e-01
   9.99976292052648e-01
   9.99898262230816e-01
   9.98892336802822e-01
   9.99783389485900e-01
   9.98879529837409e-01
   9.99762880469474e-01
   9.99602432129639e-01
   9.97240316250106e-01
   9.98774151865106e-01
   9.97610664717481e-01
   9.94909944497692e-01
   9.97010187337991e-01
   9.96103985872598e-01
   9.99903584122302e-01
   9.99805655845678e-01
   9.99573990825827e-01
   9.99505332605005e-01
   9.99839859482603e-01
   9.99090299013121e-01
   9.99830877026312e-01
   9.99998707728280e-01
   9.99999652080958e-01
   9.99193388328784e-01
   9.96467544760005e-01
   9.98570790705248e-01
   9.99214409824919e-01
   9.98105072008282e-01
   9.99487158076031e-01
   9.98112097264586e-01
   9.99340094287067e-01
   9.99383384093548e-01
   9.95969456634234e-01
   9.99060734982709e-01
   9.96965273883314e-01
   9.89572821177915e-01
   9.86481063804695e-01
   9.96382042500183e-01
   9.97654025495635e-01
   9.99414821429629e-01
   9.99777240683402e-01
   9.99493914912268e-01
   9.92189593327139e-01
   9.98075313564820e-01
   9.97186749755035e-01
   9.99026220919963e-01
   9.99208486877592e-01
   9.95870284967472e-01
   9.94385227706565e-01
   9.95530165864081e-01
   9.97217770087199e-01
   9.94634112988921e-01
   9.98938070370219e-01
   9.99867581100256e-01
   9.99965668550604e-01
   9.99904926914050e-01
   9.99801757425235e-01
   9.96043625879231e-01
   9.86080121050470e-01
   9.90886184984348e-01
   9.89019755077380e-01
   9.82214951507448e-01
   9.83745586387056e-01
   9.96160721715978e-01
   9.98796277608221e-01
   9.98019698225349e-01
   9.91892228428050e-01
   9.90580102006424e-01
   9.94741539445084e-01
   9.97994961547096e-01
   9.98450888017268e-01
   9.99882606363176e-01
   9.99994492914368e-01
   9.98517677731942e-01
   9.92379158918667e-01
   9.79956638922728e-01
   9.87378844950088e-01
   9.93858597668450e-01
   9.97766687954961e-01
   9.96669691200140e-01
   9.99334276211456e-01
   9.98902187410992e-01
   9.98854189263812e-01
   9.99372171058542e-01
   9.99838724842874e-01
   9.99571537298914e-01
   9.99817730262379e-01
   9.97800559738733e-01
   9.99153597255392e-01
   9.99703189640996e-01
   9.99957273330869e-01
   9.97941524350390e-01
   9.98740342574814e-01
   9.95820126475114e-01
   9.91399276326863e-01
   9.99077252053378e-01
   9.98627454073148e-01
   9.99733030188307e-01
   9.97555990249778e-01
   9.98971248147541e-01
   9.97470065739025e-01
   9.96179407156752e-01
   9.97736358080202e-01
   9.96300801661986e-01
   9.96927776099153e-01
   9.97820881087323e-01
   9.98725617447862e-01
   9.99722295774584e-01
   9.99651014210589e-01
   9.97381244297659e-01
   9.95952383533246e-01
   9.88743388820771e-01
   9.90558867745526e-01
   9.92098237623855e-01
   9.81086984872054e-01
   9.84122664186012e-01
   9.78061580672620e-01
   9.65372368920336e-01
   9.74834699289074e-01
   9.87079340577591e-01
   9.96536623140560e-01
   9.97828418610302e-01
   9.89328764938101e-01
   9.92261257928956e-01
   9.98183047682901e-01
   9.95690234062228e-01
   9.92885386600904e-01
   9.99451437072604e-01
   9.97863974048031e-01
   9.95721230496939e-01
   9.81530321864581e-01
   9.85574872339125e-01
   9.75993893710479e-01
   9.72449646636642e-01
   9.75510094824701e-01
   9.80629840140191e-01
   9.60855432034710e-01
   9.59825074933753e-01
   9.56448414019937e-01
   9.43007373811273e-01
   9.40586490476923e-01
   9.62992135849615e-01
   9.74944174747522e-01
   9.88258622722448e-01
   9.88526412274831e-01
   9.90766023590602e-01
   9.97559291915775e-01
   9.94755224939704e-01
   9.96014191321621e-01
   9.93850869108635e-01
   9.93829406913389e-01
   9.98141613785390e-01
   9.99604294242900e-01
   9.98756090845695e-01
   9.98707397750024e-01
   9.99997648411685e-01
   9.98909778051103e-01
   9.99786701650965e-01
   9.99414411939601e-01
   9.97750213601431e-01
   9.98642603478070e-01
   9.99275164444456e-01
   9.99968837182911e-01
   9.98649980079095e-01
   9.98839538669287e-01
   9.99970295192128e-01
   9.99975643354810e-01
   9.99771134344854e-01
   9.99620569606197e-01
   9.95574669194536e-01
   9.95458743005820e-01
   9.99270904430661e-01
   9.95172051637249e-01
   9.86657817901929e-01
   9.80702550523526e-01
   9.77097512488562e-01
   9.81282321787028e-01
   9.82974820865912e-01
   9.76770801193512e-01
   9.71396420840355e-01
   9.81024788718775e-01
   9.83095976199970e-01
   9.87578009792748e-01
   9.81516467235286e-01
   9.84854936243617e-01
   9.80635422042100e-01
   9.74943608099902e-01
   9.75037721594349e-01
   9.84683880456175e-01
   9.79139606724313e-01
   9.80299259716985e-01
   9.64057389406854e-01
   9.62609464018218e-01
   9.78053545923837e-01
   9.88604557150185e-01
   9.90708084281790e-01
   9.91853612129506e-01
   9.99999635678054e-01
   9.98606484435051e-01
   9.99981651986631e-01
   9.99995257348690e-01
   9.99956438566018e-01
   9.99595005599667e-01
   9.94895902627251e-01
   9.96052112851478e-01
   9.92337402371664e-01
   9.92670969375530e-01
   9.96025609142437e-01
   9.97089180884739e-01
   9.98250154813903e-01
   9.94590298968312e-01
   9.92100170279133e-01
   9.93077052746665e-01
   9.97819406325627e-01
   9.89916169980796e-01
   9.93285013876056e-01
   9.93501813766740e-01
   9.97503693566942e-01
   9.94638060506010e-01
   9.90051706814976e-01
   9.88533385145689e-01
   9.82407524553713e-01
   9.63553343604468e-01
   9.69933791860749e-01
   9.55568886709155e-01
   9.76375101024894e-01
   9.80592885087989e-01
   9.87945680868531e-01
   9.84734240735134e-01
   9.97341293081812e-01
   9.96655624615377e-01
   9.88960157644696e-01
   9.91090708017175e-01
   9.95067590977691e-01
   9.91425723977598e-01
   9.96300072052358e-01
   9.94478750907117e-01
   9.92039262134428e-01
   9.81075808535975e-01
   9.82107133395373e-01
   9.81793873996588e-01
   9.86643888137128e-01
   9.91918244973067e-01
   9.87147019743488e-01
   9.88841947214906e-01
   9.86621553502740e-01
   9.95487992446811e-01
   9.94027344876398e-01
   9.88978715420063e-01
   9.92586079414984e-01
   9.91172995279820e-01
   9.72404105777509e-01
   9.63277834351769e-01
   9.56472191247856e-01
   9.56449723206092e-01
   9.70030331414044e-01
   9.70741386517764e-01
   9.82798009190981e-01
   9.84032340074603e-01
   9.84598856531682e-01
   9.81148900504533e-01
   9.75677578094689e-01
   9.58906490287902e-01
   9.70693582404218e-01
   9.74716851075807e-01
   9.75152997776953e-01
   9.86757482282450e-01
   9.77115920567539e-01
   9.70867530814540e-01
   9.79071256046414e-01
   9.77624382518605e-01
   9.61705316645849e-01
   9.69348453166869e-01
   9.67135195876877e-01
   9.63234602471528e-01
   9.49063580191325e-01
   9.56860293553773e-01
   9.77767446327820e-01
   9.65498537057511e-01
   9.60281280651177e-01
   9.67168152247700e-01
   9.81575172303781e-01
   9.77326563208775e-01
   9.65612199607551e-01
   9.71552889028778e-01
   9.81643465393703e-01
   9.78305030588358e-01
   9.82289140465500e-01
   9.77756522349692e-01
   9.79613705599994e-01
   9.83385440720263e-01
   9.80481355227228e-01
   9.57761207255865e-01
   9.47805053607289e-01
   9.42830549731125e-01
   9.39378557438326e-01
   9.50940593282974e-01
   9.46820835410373e-01
   9.35132253236885e-01
   9.29061458041923e-01
   9.11011389779901e-01
   9.14342482275298e-01
   9.42570243674247e-01
   9.60708646129921e-01
   9.70288782301168e-01
   9.64139338744728e-01
   9.69646984087597e-01
   9.87925724771103e-01
   9.90935812558948e-01
   9.83878602528307e-01
   9.71263955869477e-01
   9.72923079019418e-01
   9.75480591429975e-01
   9.79053167560034e-01
   9.84454036707027e-01
   9.79428080454006e-01
   9.87575560698951e-01
   9.82117871444218e-01
   9.94578100965294e-01
   9.91343837317509e-01
   9.88818531547581e-01
   9.87740514308406e-01
   9.93029116915121e-01
   9.96560239148603e-01
   9.96776235830353e-01
   9.93635853010815e-01
   9.94041338759187e-01
   9.87081240030525e-01
   9.89054235838626e-01
   9.88758962330208e-01
   9.90319042407312e-01
   9.87412572510356e-01
   9.89692120939249e-01
   9.77642852552013e-01
   9.89846409529492e-01
   9.98206415042810e-01
   9.99782894547960e-01
   9.99751127314548e-01
   9.95699859092398e-01
   9.96046483684867e-01
   9.98488687450848e-01
   9.95090442852294e-01
   9.92921832553913e-01
   9.92319230171198e-01
   9.90793950829200e-01
   9.91641893071445e-01
   9.86296242744804e-01
   9.90211810912730e-01
   9.93163421259963e-01
   9.98385621249822e-01
   9.83823578873132e-01
   9.75033960753974e-01
   9.81663911022526e-01
   9.95863177389522e-01
   9.95817508471070e-01
   9.99186207493768e-01
   9.99323056471014e-01
   9.99990186846551e-01
   9.99423827219550e-01
   9.98368070465274e-01
   9.98728677375539e-01
   9.97241639946720e-01
   9.95144639593712e-01
   9.97191733809272e-01
   9.93597630986630e-01
   9.83135178801669e-01
   9.76543642672855e-01
   9.80033644741744e-01
   9.86628401417954e-01
   9.83014631603224e-01
   9.90531119796277e-01
   9.87239138801107e-01
   9.84056907428134e-01
   9.84925213601496e-01
   9.85061926948143e-01
   9.77148199320361e-01
   9.90144403399039e-01
   9.86173227564755e-01
   9.93787868489160e-01
   9.96770661804290e-01
   9.98178371954889e-01
   9.99562553920324e-01
   9.98746315747561e-01
   9.99721520223966e-01
   9.99994231504086e-01
   9.99993746505049e-01
   9.99997729807369e-01
   9.99993441291578e-01
   9.99800333754950e-01
   9.99982139643977e-01
   9.98763517137201e-01
   9.99881766267532e-01
   9.98516577245319e-01
   9.98736724557717e-01
   9.99467464655432e-01
   9.99586001189923e-01
   9.99951145123545e-01
   9.99467581301128e-01
   9.99484603135123e-01
   9.99716182899566e-01
   9.99964351763823e-01
   9.98837896731418e-01
   9.97309435635454e-01
   9.96678649695801e-01
   9.94418455062951e-01
   9.88772917683918e-01
   9.86418599242305e-01
   9.79932017790244e-01
   9.82616463242979e-01
   9.77114679203526e-01
   9.88256516653419e-01
   9.92232528284806e-01
   9.98077459323807e-01
   9.92878792890171e-01
   9.87074796350596e-01
   9.87863675017177e-01
   9.88451194594298e-01
   9.94329429288981e-01
   9.89409049211154e-01
   9.82959021546936e-01
   9.75614127591243e-01
   9.80585150253650e-01
   9.83780560674363e-01
   9.82307055325088e-01
   9.86493487078055e-01
   9.81980406108580e-01
   9.84542871500157e-01
   9.75567465828779e-01
   9.93086487912833e-01
   9.95772081732426e-01
   9.95096548179716e-01
   9.99934111286935e-01
   9.98091784944712e-01
   9.99295322024243e-01
   9.99928481744496e-01
   9.99905818567483e-01
   9.99370297863886e-01
   9.99786972951805e-01
   9.99579150726259e-01
   9.99718828166900e-01
   9.99874077868038e-01
   9.99911942217710e-01
   9.99787023319061e-01
   9.98957004804258e-01
   9.99741268795868e-01
   9.96955029746399e-01
   9.97105597691638e-01
   9.98025479465408e-01
   9.99243436161585e-01
   9.99616532507716e-01
   9.95600422235462e-01
   9.90930453609158e-01
   9.98680307842980e-01
   9.99439427132080e-01
   9.99964814799602e-01
   9.99965850562401e-01
   9.99992592200171e-01
   9.93874691902339e-01
   9.82625063793971e-01
   9.77007153025790e-01
   9.76293877988503e-01
   9.80234756501293e-01
   9.55737393231328e-01
   9.42273688229372e-01
   9.39183889056836e-01
   9.40513216509491e-01
   9.47791860116568e-01
   9.52733266319677e-01
   9.53520578371669e-01
   9.60210131326678e-01
   9.64045806643581e-01
   9.61683646400130e-01
   9.49233725548365e-01
   9.69274492877118e-01
   9.64013578575978e-01
   9.66496533687979e-01
   9.74569321877670e-01
   9.82246643126439e-01
   9.77149818120540e-01
   9.84078381343048e-01
   9.97783533419000e-01
   9.99016886691172e-01
   9.98783031214961e-01
   9.94155084417166e-01
   9.92264048010355e-01
   9.88695416530906e-01
   9.92093932511392e-01
   9.80712273472159e-01
   9.88696621615267e-01
   9.92219044484366e-01
   9.87390542677173e-01
   9.66716373152587e-01
   9.52627558163157e-01
   9.44646930138627e-01
   9.51172871654781e-01
   9.50419234951155e-01
   9.56343700892247e-01
   9.58276913080279e-01
   9.55971979027640e-01
   9.50051101417727e-01
   9.57238759268088e-01
   9.17662336726872e-01
   9.22375762990459e-01
   8.86991164833704e-01
   8.98984751470951e-01
   8.91807088660647e-01
   8.97975232354321e-01
   8.84344440490986e-01
   8.55653145218816e-01
   8.63314693448399e-01
   8.80393939576683e-01
   8.74355095522862e-01
   9.05711080019632e-01
   9.10473469473414e-01
   9.07274036951528e-01
   8.95606530988383e-01
   9.15428621506450e-01
   9.14844704455021e-01
   9.05707701057250e-01
   9.12086611777457e-01
   8.95409605020202e-01
   8.88090412922500e-01
   8.70561924827081e-01
   8.85721105032635e-01
   9.03170988233374e-01
   9.37653056413361e-01
   9.16383688271782e-01
   9.28621388666382e-01
   9.45685129017319e-01
   9.51022443306593e-01
   9.41398155141952e-01
   9.38081385021593e-01
   9.56473730700694e-01
   9.59940674711861e-01
   9.57856808410123e-01
   9.55174873219607e-01
   9.35063490521495e-01
   9.37434862284376e-01
   9.52755567893639e-01
   9.52458439710176e-01
   9.31464758152411e-01
   9.37216704694630e-01
   9.43453157643346e-01
   9.55712735052348e-01
   9.83331255553717e-01
   9.94725399667826e-01
   9.98443631713104e-01
   9.98285678282496e-01
   9.99064392317645e-01
   9.99474026557646e-01
   9.99836017611268e-01
   9.99844317897781e-01
   9.99999534821916e-01
   9.98362521332376e-01
   9.98827762744885e-01
   9.99958504275233e-01
   9.98219336559721e-01
   9.95470243664587e-01
   9.99308345958814e-01
   9.99960670973393e-01
   9.94215289009516e-01
   9.91484888199129e-01
   9.98774221958348e-01
   9.96430496281356e-01
   9.97439305739744e-01
   9.96765978509247e-01
   9.90040116171029e-01
   9.93505202047977e-01
   9.98277110174126e-01
   9.86148119641883e-01
   9.87149475555904e-01
   9.77400601971080e-01
   9.59955006303305e-01
   9.52570103122239e-01
   9.51209149205377e-01
   9.53447325023116e-01
   9.55242353279063e-01
   9.69517580121320e-01
   9.62132830744587e-01
   9.44514434249049e-01
   9.39519337530720e-01
   9.66928252616353e-01
   9.69026836257305e-01
   9.81553109266107e-01
   9.82952289379483e-01
   9.77834676848762e-01
   9.78903426656919e-01
   9.46129156897910e-01
   9.57682206203430e-01
   9.71675708397680e-01
   9.85250473776039e-01
   9.95888853269167e-01
   9.94294378545957e-01
   9.88234684000565e-01
   9.72349230486388e-01
   9.88425603873278e-01
   9.88667550423547e-01
   9.88685700108522e-01
   9.98720634401342e-01
   9.99536129084135e-01
   9.93775566589320e-01
   9.85871458878671e-01
   9.74688484774618e-01
   9.50451445185794e-01
   9.52275402122391e-01
   9.42437911311220e-01
   9.50039383349226e-01
   9.50030808217694e-01
   9.30601152438559e-01
   9.25081586677955e-01
   9.26572182296771e-01
   9.33145835858043e-01
   9.08344151348809e-01
   8.94820248839429e-01
   8.71929594050544e-01
   8.55242026607612e-01
   8.56195221222789e-01
   8.44723107421076e-01
   8.29372338190128e-01
   8.14240889324835e-01
   7.92491329318538e-01
   8.04564536447557e-01
   8.04590961493575e-01
   7.73607487478037e-01
   7.90095421014570e-01
   7.93528837528052e-01
   7.92452476176578e-01
   7.70140024087290e-01
   8.01022857827011e-01
   7.93606414557346e-01
   8.01440442765173e-01
   7.69461719763971e-01
   6.92840561485034e-01
   6.95166509108232e-01
   6.87182849053006e-01
   6.69764184906200e-01
   6.08958231123114e-01
   5.97208617115354e-01
   5.79347845387313e-01
   5.69953432955432e-01
   5.88956291232949e-01
   5.62857142594255e-01
   5.71909029379272e-01
   6.26381942062177e-01
   6.28889163933565e-01
   6.11860468811687e-01
   6.69786779460883e-01
   7.17506792967489e-01
   7.43407880960152e-01
   7.06208404073564e-01
   7.28545875143007e-01
   7.31104614103366e-01
   7.54474896024365e-01
   7.52777909864888e-01
   7.80128989433414e-01
   7.95388288195002e-01
   8.35066602050352e-01
   8.52644430538240e-01
   8.54081657545504e-01
   8.92201855830363e-01
   9.06830333261692e-01
   8.97784032417064e-01
   8.96332451385776e-01
   8.83574569228767e-01
   8.99265952317578e-01
   8.51940983457628e-01
   8.93673944434775e-01
   8.56601482291500e-01
   8.56979055934132e-01
   8.40691771511059e-01
   8.03327216736232e-01
   7.84433231196553e-01
   7.75593338232433e-01
   7.46377786475120e-01
   6.95170087619047e-01
   6.89026624565348e-01
   7.21460804254388e-01
   6.87547721362389e-01
   7.03088219841404e-01
   6.44328943324270e-01
   6.93149297806837e-01
   7.02222533614152e-01
   7.14957849902574e-01
   7.30431947118307e-01
   6.95873563171237e-01
   6.59055454526775e-01
   6.69578359618404e-01
   6.57551175090534e-01
   6.39211374897456e-01
   6.00397446655776e-01
   5.91827095529094e-01
   5.53218112041930e-01
   5.29099073809050e-01
   5.19782486903187e-01
   5.36062531884768e-01
   5.40045557035308e-01
   5.30343336215726e-01
   5.33994353320078e-01
   5.11705408500948e-01
   5.24462497463160e-01
   5.28643036228563e-01
   5.64841304772280e-01
   5.85341570368437e-01
   5.77504966246011e-01
   5.52336351129754e-01
   5.31077533393459e-01
   5.32647548808580e-01
   5.44825946531801e-01
   5.10565115802612e-01
   5.38749451148054e-01
   5.72403992186228e-01
   5.55704275973346e-01
   5.29802435336605e-01
   5.62583410793910e-01
   5.86963127120197e-01
   5.91215414008838e-01
   5.87252845026995e-01
   6.29671450277391e-01
   6.00142439556697e-01
   6.50361394556219e-01
   6.74913736974793e-01
   6.57700506529297e-01
   6.54459807120598e-01
   6.73001895049265e-01
   6.62195910432820e-01
   6.49186951207626e-01
   6.41340307811670e-01
   6.62592138531828e-01
   6.73891300625362e-01
   7.33642698817753e-01
   7.54471132994902e-01
   7.09471238464140e-01
   7.13014858682745e-01
   7.35884820822721e-01
   7.20915428397860e-01
   7.30854258799925e-01
   7.04392938323493e-01
   7.47686421108229e-01
   7.25658606900654e-01
   7.09275286830973e-01
   6.96001748105637e-01
   6.96823149134292e-01
   6.80487892585654e-01
   6.40529181190339e-01
   6.38523110788559e-01
   6.51647867214429e-01
   6.58376185650429e-01
   6.48465006884227e-01
   6.89931384559494e-01
   6.98409883517456e-01
   6.80052272112207e-01
   6.91767520680931e-01
   7.07587142658975e-01
   6.56506312938959e-01
