   0.00000000000000e+00
   7.26755872928985e-04
  -1.56439059544953e-05
   8.34908952983524e-04
   5.00600645439756e-03
   7.45886970510866e-03
   9.01046734714243e-03
   1.05575605008016e-02
   1.23570735312753e-02
   1.47429479578591e-02
   1.87946975646488e-02
   2.32457582873980e-02
   2.97449394176691e-02
   3.34496668914850e-02
   3.70948823870895e-02
   4.20584601182310e-02
   4.79943068766052e-02
   5.33082606179355e-02
   5.76982237799147e-02
   6.35293774278880e-02
   6.81484415569390e-02
   7.33445348052166e-02
   7.82378123447317e-02
   8.15355225842311e-02
   8.63218471220082e-02
   8.98677627775179e-02
   9.33720117403646e-02
   9.61372496672321e-02
   9.84635669346383e-02
   9.93759515769004e-02
   9.78022535706777e-02
   9.54199201425113e-02
   9.29534851442132e-02
   9.06412292106145e-02
   8.78170011529370e-02
   8.18225677643741e-02
   7.91667050934482e-02
   7.41739443500541e-02
   6.87117702464343e-02
   5.97615346147259e-02
   5.13757669812513e-02
   4.55160503478777e-02
   3.98141393552188e-02
   3.40520388703704e-02
   2.90480852686931e-02
   2.55756989777483e-02
   2.05539047652374e-02
   1.41349313183459e-02
   6.36792140743509e-03
  -2.40754271938969e-07
  -5.41706813293935e-03
  -9.14203141008455e-03
  -1.35516556596424e-02
  -1.77731756236337e-02
  -2.04940565541700e-02
  -2.41403789422084e-02
  -2.95562979489856e-02
  -3.59082470713893e-02
  -4.32180653794910e-02
  -5.09402663416875e-02
  -5.69251529563769e-02
  -6.43163916990576e-02
  -7.37167748913291e-02
  -8.25058565825583e-02
  -8.84801343744110e-02
  -9.18072891453807e-02
  -9.44603194657429e-02
  -9.55983261238157e-02
  -9.50905355335169e-02
  -9.79577052737256e-02
  -1.03024877108362e-01
  -1.04977870868540e-01
  -1.06108544748802e-01
  -1.06495821115541e-01
  -1.04143475809788e-01
  -1.01713420692268e-01
  -1.02446170088649e-01
  -1.02048888955440e-01
  -9.98894689066370e-02
  -9.67576609869330e-02
  -9.33901790357774e-02
  -8.98924145573628e-02
  -8.66742211305050e-02
  -8.18110823030087e-02
  -7.55979360712124e-02
  -6.80309363323825e-02
  -5.89881300697832e-02
  -5.01055158516230e-02
  -4.09116014804067e-02
  -3.22773592118222e-02
  -2.70671818747403e-02
  -2.21950857583071e-02
  -1.65645383688559e-02
  -1.11598674901713e-02
  -5.23210642770372e-03
   2.55569649798444e-03
   1.06215790814342e-02
   1.75996645397188e-02
   2.62737587140314e-02
   3.48747660777353e-02
   4.32832882286493e-02
   5.40235601493770e-02
   6.58608033046590e-02
   7.88301824060711e-02
   9.20083853753344e-02
   1.04085114687969e-01
   1.16715629662868e-01
   1.32096978920699e-01
   1.46520520845868e-01
   1.60458234362109e-01
   1.73656249094370e-01
   1.89385657747794e-01
   2.03621777054784e-01
   2.16722676840945e-01
   2.28191677988191e-01
   2.41234715274622e-01
   2.53502954840096e-01
   2.66387444578777e-01
   2.80423122939256e-01
   2.95071624751980e-01
   3.09557493922662e-01
   3.24879202546391e-01
   3.42001434517658e-01
   3.57845582133544e-01
   3.75699524874591e-01
   3.92728708882661e-01
   4.08382200581484e-01
   4.22683795091533e-01
   4.35044792386232e-01
   4.47543406783430e-01
   4.61099836096909e-01
   4.77026984691371e-01
   4.91158344094951e-01
   5.02734140084836e-01
   5.13884082266987e-01
   5.26528996799384e-01
   5.43360304102703e-01
   5.60491375706813e-01
   5.78849801095765e-01
   5.98200880467427e-01
   6.20216164920848e-01
   6.43092371142425e-01
   6.67437853930519e-01
   6.92219038805427e-01
   7.15867631333548e-01
   7.39325282159851e-01
   7.64563102122912e-01
   7.88948241101413e-01
   8.11090060113639e-01
   8.32579615521799e-01
   8.51186239307008e-01
   8.69870343656557e-01
   8.88448158928507e-01
   9.07940071955592e-01
   9.29460759691994e-01
   9.51715475679458e-01
   9.73189720785079e-01
   9.96016183457058e-01
   1.01803631286458e+00
   1.03883954450394e+00
   1.05974312124734e+00
   1.08263837943059e+00
   1.10619093884851e+00
   1.12837633376677e+00
   1.15152199461003e+00
   1.17737380680125e+00
   1.20080248893660e+00
   1.22339317154191e+00
   1.24649878283763e+00
   1.26992304760481e+00
   1.29432146500394e+00
   1.31779536358736e+00
   1.34006572596314e+00
   1.36051304299300e+00
   1.38218954891927e+00
   1.40476264946839e+00
   1.42693155748580e+00
   1.45011671383171e+00
   1.47150578463314e+00
   1.49479575886557e+00
   1.51761182247564e+00
   1.53781184045075e+00
   1.55749860499874e+00
   1.57822556150900e+00
   1.59761676288032e+00
   1.61753861138168e+00
   1.63735038196876e+00
   1.65629381589591e+00
   1.67457699672626e+00
   1.69281026997265e+00
   1.71199692576560e+00
   1.72947226247358e+00
   1.74770031507516e+00
   1.76530303074866e+00
   1.78175422046595e+00
   1.79678654776703e+00
   1.81247909342600e+00
   1.82938284366378e+00
   1.84830753285081e+00
   1.86307016005804e+00
   1.87617539889631e+00
   1.88774729981569e+00
   1.89959051785592e+00
   1.91201556793649e+00
   1.92259784235315e+00
   1.93411590107522e+00
   1.94851864071172e+00
   1.96290601192130e+00
   1.97771629217213e+00
   1.99111808931549e+00
   2.00321822583361e+00
   2.01312290723486e+00
   2.02248094920068e+00
   2.03275862656849e+00
   2.04440328857514e+00
   2.05368623352609e+00
   2.06121827727738e+00
   2.06887145370105e+00
   2.07452686760799e+00
   2.08070493628781e+00
   2.08623759473423e+00
   2.09158144619840e+00
   2.09926789240828e+00
   2.10373376424878e+00
   2.11141731575744e+00
   2.12187278975100e+00
   2.13138283474970e+00
   2.14203065289262e+00
   2.15305217069946e+00
   2.16422592361117e+00
   2.17526603170948e+00
   2.18760486972978e+00
   2.19907448242477e+00
   2.21580394144595e+00
   2.22856510391547e+00
   2.23983610398784e+00
   2.24992747477330e+00
   2.25847602745559e+00
   2.26602835196611e+00
   2.27413597220077e+00
   2.27986394761856e+00
   2.28353781097171e+00
   2.28379862797024e+00
   2.28293811104317e+00
   2.28423281000312e+00
   2.28773236823870e+00
   2.29205373999780e+00
   2.29323616218595e+00
   2.29356624976648e+00
   2.29257224285641e+00
   2.29264314139272e+00
   2.29164296758857e+00
   2.29168056917373e+00
   2.29146069187346e+00
   2.28937433174867e+00
   2.28829638004505e+00
   2.28642498918761e+00
   2.28326447263299e+00
   2.28106606581985e+00
   2.27842515472007e+00
   2.27993903501042e+00
   2.28009035092913e+00
   2.27985919986536e+00
   2.27953865985248e+00
   2.27977241816856e+00
   2.27900103049335e+00
   2.28071800990438e+00
   2.28162303054754e+00
   2.28256222353987e+00
   2.28190055957096e+00
   2.27944927961588e+00
   2.27825113825410e+00
   2.27762062810341e+00
   2.27609688041814e+00
   2.27840048068379e+00
   2.27688529149795e+00
   2.27640094742071e+00
   2.27596905321550e+00
   2.27329947675170e+00
   2.27253751866998e+00
   2.27036072568041e+00
   2.26544867891802e+00
   2.25971145712289e+00
   2.25725230345224e+00
   2.25547738834504e+00
   2.25511443288905e+00
   2.25702663705645e+00
   2.25938184924264e+00
   2.26558001268478e+00
   2.26918358549344e+00
   2.27332456881141e+00
   2.27619555160074e+00
   2.27889045040157e+00
   2.28369718043592e+00
   2.28913108777840e+00
   2.29409511065642e+00
   2.29823643163892e+00
   2.30358138887901e+00
   2.30654882618826e+00
   2.30828694571213e+00
   2.30901277829969e+00
   2.30951407720735e+00
   2.31141297799307e+00
   2.31617660917932e+00
   2.32418999849298e+00
   2.33087535904562e+00
   2.33811409820891e+00
   2.34704965803306e+00
   2.35563905274550e+00
   2.36035681194366e+00
   2.36347305726831e+00
   2.36716913600262e+00
   2.37355488602810e+00
   2.38035851353585e+00
   2.38571290330334e+00
   2.38943292852177e+00
   2.39283629866570e+00
   2.39456110988756e+00
   2.39578867931006e+00
   2.39460966855806e+00
   2.39054607038363e+00
   2.38324984583605e+00
   2.37770504556230e+00
   2.37418539337833e+00
   2.37251379643012e+00
   2.37022634578087e+00
   2.36983286929950e+00
   2.37293231001098e+00
   2.37206692430866e+00
   2.37172639257597e+00
   2.37212208451129e+00
   2.37450228379922e+00
   2.37645863491822e+00
   2.38040265272405e+00
   2.37983450915941e+00
   2.37997528503145e+00
   2.38075534578378e+00
   2.38462799155994e+00
   2.38791544639490e+00
   2.39294604080879e+00
   2.39966123941728e+00
   2.40265131366184e+00
   2.40604303870354e+00
   2.40820208429206e+00
   2.41234202753401e+00
   2.41544725732198e+00
   2.41964631731527e+00
   2.42453870422090e+00
   2.42858138006329e+00
   2.43342176909020e+00
   2.43794192635803e+00
   2.44194066014045e+00
   2.44528394546066e+00
   2.44748901147661e+00
   2.44981874488447e+00
   2.45410409280769e+00
   2.45914223259128e+00
   2.46674976030066e+00
   2.47381956473788e+00
   2.48039190656418e+00
   2.48992235679755e+00
   2.49875327106288e+00
   2.50893787172801e+00
   2.52146227387304e+00
   2.53229646530673e+00
   2.54038256566522e+00
   2.54514466647692e+00
   2.54916900232440e+00
   2.55663636590992e+00
   2.56317377448927e+00
   2.56696386303403e+00
   2.57215291487746e+00
   2.57848143747528e+00
   2.58111569182575e+00
   2.58513551341213e+00
   2.59032459231039e+00
   2.59982437382578e+00
   2.60835631785123e+00
   2.61903513013058e+00
   2.63039958532555e+00
   2.64117777767092e+00
   2.65088786194548e+00
   2.66424546270015e+00
   2.67776603542599e+00
   2.69180571923712e+00
   2.70774632041898e+00
   2.72400594178421e+00
   2.73701716789580e+00
   2.74790126982657e+00
   2.75569919247206e+00
   2.76342206436217e+00
   2.77046845726328e+00
   2.77465400747507e+00
   2.78025215150592e+00
   2.78528293745825e+00
   2.79125391715981e+00
   2.79723526856385e+00
   2.80104374283766e+00
   2.80099740192801e+00
   2.80001330176714e+00
   2.79899206637498e+00
   2.80008582341859e+00
   2.80330263469587e+00
   2.80539264396495e+00
   2.80807522627201e+00
   2.81218897728879e+00
   2.81565437389924e+00
   2.81851291175002e+00
   2.81937643885814e+00
   2.81832716849850e+00
   2.81744776637377e+00
   2.81900614073718e+00
   2.82053683145039e+00
   2.82083553556656e+00
   2.82087061047173e+00
   2.81800529710012e+00
   2.81509223371485e+00
   2.81468185570402e+00
   2.81164869378780e+00
   2.80575979734719e+00
   2.79841351291684e+00
   2.79029437369666e+00
   2.78309541307454e+00
   2.77630086948626e+00
   2.76813480003561e+00
   2.75892021086095e+00
   2.75169286135262e+00
   2.74495865233475e+00
   2.73939548141155e+00
   2.73230040245170e+00
   2.72602270800327e+00
   2.71873870711276e+00
   2.71025175200649e+00
   2.70179051482299e+00
   2.69549893945541e+00
   2.68790888854336e+00
   2.68058289351627e+00
   2.67013028444485e+00
   2.65944179217260e+00
   2.65164545179758e+00
   2.64647188738976e+00
   2.64195611674027e+00
   2.63783229103898e+00
   2.63940850271843e+00
   2.64328937765072e+00
   2.64510565790404e+00
   2.64679558585094e+00
   2.64876836788198e+00
   2.65159524898463e+00
   2.65765433218822e+00
   2.66317633123592e+00
   2.67026292003086e+00
   2.67723316762938e+00
   2.68278317679677e+00
   2.68776499921346e+00
   2.69198764023422e+00
   2.69822017541433e+00
   2.70542983305164e+00
   2.71228476433998e+00
   2.71683274108611e+00
   2.72479461258629e+00
   2.73158681710076e+00
   2.73829973135959e+00
   2.74307222749288e+00
   2.74932766729426e+00
   2.75727823168640e+00
   2.76570331687450e+00
   2.77577242796522e+00
   2.78962043459012e+00
   2.80233200501011e+00
   2.81749217636231e+00
   2.82893273316822e+00
   2.83944681420539e+00
   2.84806415177302e+00
   2.85757175141972e+00
   2.86246808633795e+00
   2.86777038578329e+00
   2.87610726272323e+00
   2.88376184461738e+00
   2.88987037281966e+00
   2.89742051473513e+00
   2.90293494486959e+00
   2.90931989257172e+00
   2.91666964345332e+00
   2.92715103860357e+00
   2.93738938123582e+00
   2.94770742841728e+00
   2.95677235402599e+00
   2.96418045521462e+00
   2.97311245771516e+00
   2.98154670363637e+00
   2.99063622750259e+00
   2.99658998090231e+00
   3.00320206414406e+00
   3.01161395743093e+00
   3.01880513356998e+00
   3.02650985026964e+00
   3.03893551313693e+00
   3.05305076547157e+00
   3.06829980432332e+00
   3.08355337948086e+00
   3.09644321440821e+00
   3.10919787440118e+00
   3.11932699585232e+00
   3.12914436044715e+00
   3.13881600228173e+00
   3.14935662102161e+00
   3.16112888263936e+00
   3.17601158856759e+00
   3.18879213336132e+00
   3.20076522131520e+00
   3.21264772863277e+00
   3.22172522317579e+00
   3.23319088106925e+00
   3.24594496153216e+00
   3.25697283396500e+00
   3.26832675129410e+00
   3.28275440252910e+00
   3.29580044112085e+00
   3.30926013144448e+00
   3.32341865291677e+00
   3.33986625367515e+00
   3.35509123804156e+00
   3.36638881751876e+00
   3.38013210489039e+00
   3.39478371950071e+00
   3.40821368373432e+00
   3.41860711510223e+00
   3.42998622465063e+00
   3.44369671975402e+00
   3.45627678114874e+00
   3.46663943560157e+00
   3.47778643995189e+00
   3.48798438155692e+00
   3.49925067347627e+00
   3.51008930231892e+00
   3.52000019293988e+00
   3.53062932985916e+00
   3.54568323926171e+00
   3.56229428897267e+00
   3.57962613225739e+00
   3.59743738548017e+00
   3.61353891284946e+00
   3.63025459644091e+00
   3.64862017624145e+00
   3.66778179130625e+00
   3.68917218293930e+00
   3.71014586499333e+00
   3.72740226928223e+00
   3.74180656797905e+00
   3.75444701667625e+00
   3.76822903812725e+00
   3.78097329419811e+00
   3.78938855455871e+00
   3.79682109198320e+00
   3.80637032260292e+00
   3.81877497039259e+00
   3.83083327446267e+00
   3.84234358372443e+00
   3.85304535912109e+00
   3.86239220598759e+00
   3.87299048075426e+00
   3.88143534360582e+00
   3.89136598697660e+00
   3.89727118653020e+00
   3.90446711251264e+00
   3.91250715322537e+00
   3.92087433565130e+00
   3.92741475051540e+00
   3.93229583966980e+00
   3.93705083003887e+00
   3.94333704557143e+00
   3.94944700745140e+00
   3.95799317062668e+00
   3.96592554044372e+00
   3.97394503248111e+00
   3.98144595838379e+00
   3.98986607941033e+00
   3.99756249691371e+00
   4.00848403439824e+00
   4.01610892279944e+00
   4.01982242769308e+00
   4.02169546872272e+00
   4.02364043974535e+00
   4.02890962052202e+00
   4.03399516234272e+00
   4.03747509077667e+00
   4.04303859807091e+00
   4.04953993467418e+00
   4.05627078940584e+00
   4.06355306368062e+00
   4.07052409479169e+00
   4.07921319633596e+00
   4.08667156802131e+00
   4.09303023142909e+00
   4.09653652346237e+00
   4.10588560256125e+00
   4.11731328070200e+00
   4.12719034516175e+00
   4.13226624058614e+00
   4.13736139658126e+00
   4.14003183887019e+00
   4.14253455803987e+00
   4.14308821753466e+00
   4.14546119733691e+00
   4.14893233909429e+00
   4.15208445065942e+00
   4.15636587000626e+00
   4.16179590418227e+00
   4.16610021199877e+00
   4.17221647465274e+00
   4.18169220906499e+00
   4.19273763760510e+00
   4.20295832466665e+00
   4.21142147354163e+00
   4.22086763491762e+00
   4.22806376657170e+00
   4.23630749989308e+00
   4.24543963673223e+00
   4.25432001277459e+00
   4.26314758383165e+00
   4.27392921242999e+00
   4.28116811199977e+00
   4.28963432668433e+00
   4.29546495079114e+00
   4.29980554962675e+00
   4.30318897560388e+00
   4.30510653773216e+00
   4.30324200097759e+00
   4.30264316730796e+00
   4.30300903419993e+00
   4.30370733802881e+00
   4.30434137575792e+00
   4.30470486322013e+00
   4.30619297548209e+00
   4.30644849108340e+00
   4.30462815401745e+00
   4.30591090466969e+00
   4.30387459374795e+00
   4.30204753096778e+00
   4.30417105747035e+00
   4.30611046358517e+00
   4.30621138742738e+00
   4.30833876357447e+00
   4.31044061348452e+00
   4.31214798418449e+00
   4.31232058451937e+00
   4.31060462492429e+00
   4.30769920518079e+00
   4.30441702861268e+00
   4.29999421385618e+00
   4.29347016624114e+00
   4.28624784815086e+00
   4.27733479616779e+00
   4.26911925118029e+00
   4.25959985504339e+00
   4.25303808976312e+00
   4.24787178974629e+00
   4.24571957871766e+00
   4.24083700761952e+00
   4.23398191067079e+00
   4.22738973692020e+00
   4.22100382243972e+00
   4.21682413429905e+00
   4.21078698984882e+00
   4.20288694814180e+00
   4.19325586959301e+00
   4.18481011296240e+00
   4.17721234444890e+00
   4.16925302850789e+00
   4.16246925466875e+00
   4.15447691148338e+00
   4.14719043491527e+00
   4.13773344566352e+00
   4.13331341460104e+00
   4.13014511558123e+00
   4.12665419280473e+00
   4.12847968498838e+00
   4.13272291282510e+00
   4.13220643298950e+00
   4.13407514907349e+00
   4.13471909912953e+00
   4.13773354232202e+00
   4.14003991134469e+00
   4.14275430276589e+00
   4.14521955344720e+00
   4.14731392753570e+00
   4.14929025352662e+00
   4.15162786791155e+00
   4.15517594638489e+00
   4.15762483941458e+00
   4.16274264525991e+00
   4.16776654680718e+00
   4.17215232804825e+00
   4.17538601460014e+00
   4.17808433675819e+00
   4.18397893871576e+00
   4.19185223813101e+00
   4.19568868006049e+00
   4.19866480008657e+00
   4.20043519613867e+00
   4.20220776676611e+00
   4.20377544530276e+00
   4.19981242941451e+00
   4.19218155934975e+00
   4.18320618138617e+00
   4.17410264729825e+00
   4.16596414142292e+00
   4.15296752513798e+00
   4.13788814644459e+00
   4.12240249897552e+00
   4.10716095193216e+00
   4.09307096919432e+00
   4.07981703654610e+00
   4.06673723792529e+00
   4.05484524728466e+00
   4.04369219523887e+00
   4.03214668695478e+00
   4.01854004562069e+00
   4.00852760166313e+00
   3.99753674886272e+00
   3.98705777154816e+00
   3.97827921756130e+00
   3.97137523273376e+00
   3.96325005466024e+00
   3.95691048863677e+00
   3.95609936436192e+00
   3.95639970111019e+00
   3.95647777431309e+00
   3.95369590301340e+00
   3.95014176016398e+00
   3.94533578829880e+00
   3.94177727605581e+00
   3.93474871835330e+00
   3.93004286065214e+00
   3.92663662557526e+00
   3.92157471256809e+00
   3.91158494075928e+00
   3.89910976395857e+00
   3.88540405314749e+00
   3.87278472825010e+00
   3.86008902239208e+00
   3.84843357627803e+00
   3.83716136508081e+00
   3.82553177183922e+00
   3.81295603846690e+00
   3.80163988040609e+00
   3.78447301422118e+00
   3.76798135113477e+00
   3.74718270631985e+00
   3.72784397881488e+00
   3.70770988993651e+00
   3.68835826329028e+00
   3.66746912559016e+00
   3.64350873327181e+00
   3.62041256815751e+00
   3.59924183503275e+00
   3.57744732103148e+00
   3.55937192400477e+00
   3.54194332225346e+00
   3.52415588178502e+00
   3.50498307642714e+00
   3.48833559767142e+00
   3.47165564834739e+00
   3.45384873489771e+00
   3.43689764062411e+00
   3.41790806829772e+00
   3.39808959379207e+00
   3.37631242906710e+00
   3.35629904615115e+00
   3.33843157610873e+00
   3.32532568841002e+00
   3.30923691906966e+00
   3.29487870206225e+00
   3.28315695466070e+00
   3.27236239473965e+00
   3.26003038403620e+00
   3.24721967866547e+00
   3.23750511328510e+00
   3.22847075931572e+00
   3.21908708819258e+00
   3.20925416568749e+00
   3.19615047696079e+00
   3.18344576072184e+00
   3.17330205928908e+00
   3.16314367001156e+00
   3.14962917922059e+00
   3.13702553295857e+00
   3.12545139897624e+00
   3.11603358949131e+00
   3.11287406480637e+00
   3.11402823661058e+00
   3.11773480131798e+00
   3.12135371342124e+00
   3.12584949202753e+00
   3.13445451299404e+00
   3.14236234876661e+00
   3.14842037918278e+00
   3.15544376586943e+00
   3.15950166853184e+00
   3.16410192718243e+00
   3.17188768898098e+00
   3.17601089062549e+00
   3.17826538829988e+00
   3.18375516466898e+00
   3.19183764480815e+00
   3.20541893865762e+00
   3.22035950318360e+00
   3.23091956537925e+00
   3.24350256275761e+00
   3.25546139433105e+00
   3.26800619225114e+00
   3.28404074885935e+00
   3.29865523818258e+00
   3.31027271567992e+00
   3.32805913949976e+00
   3.34561016257705e+00
   3.36626016220884e+00
   3.39110427661090e+00
   3.41754478542844e+00
   3.44438116897348e+00
   3.47092876218216e+00
   3.49726505156532e+00
   3.52066289021129e+00
   3.54586253199331e+00
   3.57465716168465e+00
   3.60448735524526e+00
   3.62904094384594e+00
   3.65324544126263e+00
   3.67422893497348e+00
   3.69491285062665e+00
   3.71727412716644e+00
   3.73947531064534e+00
   3.76924792160633e+00
   3.79690427224323e+00
   3.82151140139182e+00
   3.84228638626566e+00
   3.85836240576123e+00
   3.87554825604802e+00
   3.89568450385195e+00
   3.92095121436960e+00
   3.94132708815000e+00
   3.96176876718694e+00
   3.98236877114090e+00
   3.99705840942788e+00
   4.01068068141213e+00
   4.02941827614383e+00
   4.05181236797981e+00
   4.07793410832499e+00
   4.10993738765394e+00
   4.14178000061600e+00
   4.17579642459937e+00
   4.20853572808837e+00
   4.24150122078189e+00
   4.27838752311431e+00
   4.31647835915877e+00
   4.35455783082764e+00
   4.39171696819093e+00
   4.43333351874032e+00
   4.47730759486115e+00
   4.52487208795920e+00
   4.57500119378255e+00
   4.62529479241726e+00
   4.67740767128802e+00
   4.73180598542732e+00
   4.78841529725379e+00
   4.84799696936545e+00
   4.90643387702460e+00
   4.96519001791779e+00
   5.02801235058472e+00
   5.08919213831405e+00
   5.15028587881141e+00
   5.21184562048382e+00
   5.27644131740720e+00
   5.33761006137413e+00
   5.40004193273952e+00
   5.46183905745425e+00
   5.52792273217190e+00
   5.60331179383718e+00
   5.67880241029999e+00
   5.75557183204470e+00
   5.83469368488222e+00
   5.92105917018580e+00
   6.00912574173581e+00
   6.09958957406446e+00
   6.19149274843053e+00
   6.28158912918185e+00
   6.37503680459051e+00
   6.46779605439248e+00
   6.55463143608967e+00
   6.64152128304741e+00
   6.73072390815852e+00
   6.81351174471685e+00
   6.89095303789154e+00
   6.96556439660137e+00
   7.04506293711786e+00
   7.12217876666202e+00
   7.19932053670077e+00
   7.27388148490301e+00
   7.34900479897716e+00
   7.42095053458256e+00
   7.49122589964430e+00
   7.55633923059377e+00
   7.61922992223657e+00
   7.68228957279495e+00
   7.73960114448108e+00
   7.79473408681245e+00
   7.85192154801160e+00
   7.90980090316217e+00
   7.97032326505510e+00
   8.02857286100412e+00
   8.09512776410565e+00
   8.15528397539182e+00
   8.22208803904004e+00
   8.28932234286083e+00
   8.35958433371279e+00
   8.43584784705950e+00
   8.51527313204166e+00
   8.59642983535644e+00
   8.68206628152337e+00
   8.77494162757479e+00
   8.86911110402285e+00
   8.95954233855166e+00
   9.05494182738660e+00
   9.14882237011820e+00
   9.25086879683757e+00
   9.34706535882063e+00
   9.44259516333717e+00
   9.53696984820780e+00
   9.62981273884022e+00
   9.72789464593244e+00
   9.83142904132399e+00
   9.93412353822474e+00
   1.00389811337678e+01
   1.01468357654841e+01
   1.02603900206264e+01
   1.03756137649928e+01
   1.04965231904370e+01
   1.06211828827291e+01
   1.07475758428365e+01
   1.08721871178463e+01
   1.09967047079514e+01
   1.11229986572220e+01
   1.12492152938722e+01
   1.13789418773967e+01
   1.15072689648765e+01
   1.16353935783615e+01
   1.17588680135261e+01
   1.18799188172230e+01
   1.20024838746514e+01
   1.21289640021090e+01
   1.22587926108397e+01
   1.23887085296484e+01
   1.25171931410200e+01
   1.26508527547036e+01
   1.27806832315014e+01
   1.29059673814402e+01
   1.30338989828224e+01
   1.31657591101873e+01
   1.32930459788658e+01
   1.34170239562574e+01
   1.35405994357240e+01
   1.36649334529403e+01
   1.37833291494378e+01
   1.39062205668667e+01
   1.40219928585018e+01
   1.41344464822813e+01
   1.42497525348187e+01
   1.43657979391384e+01
   1.44793553373537e+01
   1.45947988603946e+01
   1.47123963886427e+01
   1.48313129133867e+01
   1.49471836265263e+01
   1.50615283016536e+01
   1.51669687459771e+01
   1.52696128671847e+01
   1.53798849025253e+01
   1.54900026405288e+01
   1.55969826104175e+01
   1.57068884293335e+01
   1.58157616217188e+01
   1.59293892826777e+01
   1.60366795710496e+01
   1.61483444277179e+01
   1.62633612229864e+01
   1.63811597836143e+01
   1.64994848612845e+01
   1.66210854302481e+01
   1.67494693822042e+01
   1.68782871754855e+01
   1.70050688971651e+01
   1.71308621362651e+01
   1.72582287050142e+01
   1.73787075833708e+01
   1.74981977350109e+01
   1.76212661401248e+01
   1.77425054736072e+01
   1.78616247869477e+01
   1.79919352324754e+01
