   2.50000000000000e+02
   2.49749874958344e+02
   2.49500000166833e+02
   2.49250375375094e+02
   2.49001000333000e+02
   2.48751874790677e+02
   2.48502998498500e+02
   2.48254371207096e+02
   2.48005992667338e+02
   2.47757862630350e+02
   2.47509980847506e+02
   2.47262347070427e+02
   2.47014961050983e+02
   2.46767822541292e+02
   2.46520931293722e+02
   2.46274287060886e+02
   2.46027889595646e+02
   2.45781738651112e+02
   2.45535833980638e+02
   2.45290175337828e+02
   2.45044762476531e+02
   2.44799595150842e+02
   2.44554673115104e+02
   2.44309996123904e+02
   2.44065563932074e+02
   2.43821376294692e+02
   2.43577432967083e+02
   2.43333733704813e+02
   2.43090278263696e+02
   2.42847066399788e+02
   2.42604097869391e+02
   2.42361372429049e+02
   2.42118889835550e+02
   2.41876649845927e+02
   2.41634652217453e+02
   2.41392896707647e+02
   2.41151383074269e+02
   2.40910111075322e+02
   2.40669080469049e+02
   2.40428291013938e+02
   2.40187742468718e+02
   2.39947434592356e+02
   2.39707367144066e+02
   2.39467539883297e+02
   2.39227952569742e+02
   2.38988604963335e+02
   2.38749496824248e+02
   2.38510627912893e+02
   2.38271997989925e+02
   2.38033606816234e+02
   2.37795454152952e+02
   2.37557539761449e+02
   2.37319863403335e+02
   2.37082424840456e+02
   2.36845223834900e+02
   2.36608260148989e+02
   2.36371533545285e+02
   2.36135043786587e+02
   2.35898790635933e+02
   2.35662773856595e+02
   2.35426993212084e+02
   2.35191448466148e+02
   2.34956139382768e+02
   2.34721065726166e+02
   2.34486227260797e+02
   2.34251623751351e+02
   2.34017254962756e+02
   2.33783120660173e+02
   2.33549220608998e+02
   2.33315554574864e+02
   2.33082122323635e+02
   2.32848923621413e+02
   2.32615958234532e+02
   2.32383225929558e+02
   2.32150726473295e+02
   2.31918459632776e+02
   2.31686425175270e+02
   2.31454622868278e+02
   2.31223052479532e+02
   2.30991713776999e+02
   2.30760606528876e+02
   2.30529730503593e+02
   2.30299085469813e+02
   2.30068671196427e+02
   2.29838487452559e+02
   2.29608534007566e+02
   2.29378810631033e+02
   2.29149317092777e+02
   2.28920053162843e+02
   2.28691018611510e+02
   2.28462213209284e+02
   2.28233636726900e+02
   2.28005288935326e+02
   2.27777169605755e+02
   2.27549278509611e+02
   2.27321615418546e+02
   2.27094180104443e+02
   2.26866972339409e+02
   2.26639991895781e+02
   2.26413238546126e+02
   2.26186712063234e+02
   2.25960412220127e+02
   2.25734338790050e+02
   2.25508491546478e+02
   2.25282870263110e+02
   2.25057474713874e+02
   2.24832304672923e+02
   2.24607359914635e+02
   2.24382640213615e+02
   2.24158145344694e+02
   2.23933875082926e+02
   2.23709829203592e+02
   2.23486007482199e+02
   2.23262409694474e+02
   2.23039035616374e+02
   2.22815885024076e+02
   2.22592957693983e+02
   2.22370253402720e+02
   2.22147771927139e+02
   2.21925513044310e+02
   2.21703476531531e+02
   2.21481662166320e+02
   2.21260069726418e+02
   2.21038698989789e+02
   2.20817549734620e+02
   2.20596621739316e+02
   2.20375914782509e+02
   2.20155428643049e+02
   2.19935163100009e+02
   2.19715117932680e+02
   2.19495292920579e+02
   2.19275687843438e+02
   2.19056302481214e+02
   2.18837136614082e+02
   2.18618190022435e+02
   2.18399462486891e+02
   2.18180953788282e+02
   2.17962663707662e+02
   2.17744592026305e+02
   2.17526738525701e+02
   2.17309102987560e+02
   2.17091685193812e+02
   2.16874484926603e+02
   2.16657501968297e+02
   2.16440736101478e+02
   2.16224187108944e+02
   2.16007854773713e+02
   2.15791738879019e+02
   2.15575839208315e+02
   2.15360155545266e+02
   2.15144687673759e+02
   2.14929435377893e+02
   2.14714398441985e+02
   2.14499576650567e+02
   2.14284969788387e+02
   2.14070577640409e+02
   2.13856399991810e+02
   2.13642436627984e+02
   2.13428687334540e+02
   2.13215151897299e+02
   2.13001830102299e+02
   2.12788721735790e+02
   2.12575826584238e+02
   2.12363144434320e+02
   2.12150675072928e+02
   2.11938418287168e+02
   2.11726373864358e+02
   2.11514541592027e+02
   2.11302921257921e+02
   2.11091512649994e+02
   2.10880315556415e+02
   2.10669329765563e+02
   2.10458555066030e+02
   2.10247991246618e+02
   2.10037638096344e+02
   2.09827495404431e+02
   2.09617562960316e+02
   2.09407840553647e+02
   2.09198327974280e+02
   2.08989025012284e+02
   2.08779931457937e+02
   2.08571047101725e+02
   2.08362371734347e+02
   2.08153905146708e+02
   2.07945647129925e+02
   2.07737597475323e+02
   2.07529755974435e+02
   2.07322122419003e+02
   2.07114696600977e+02
   2.06907478312518e+02
   2.06700467345990e+02
   2.06493663493969e+02
   2.06287066549236e+02
   2.06080676304781e+02
   2.05874492553800e+02
   2.05668515089696e+02
   2.05462743706080e+02
   2.05257178196766e+02
   2.05051818355780e+02
   2.04846663977348e+02
   2.04641714855906e+02
   2.04436970786094e+02
   2.04232431562759e+02
   2.04028096980950e+02
   2.03823966835924e+02
   2.03620040923143e+02
   2.03416319038271e+02
   2.03212800977179e+02
   2.03009486535941e+02
   2.02806375510835e+02
   2.02603467698344e+02
   2.02400762895153e+02
   2.02198260898152e+02
   2.01995961504432e+02
   2.01793864511289e+02
   2.01591969716222e+02
   2.01390276916930e+02
   2.01188785911318e+02
   2.00987496497491e+02
   2.00786408473756e+02
   2.00585521638622e+02
   2.00384835790800e+02
   2.00184350729202e+02
   1.99984066252942e+02
   1.99783982161333e+02
   1.99584098253892e+02
   1.99384414330333e+02
   1.99184930190573e+02
   1.98985645634729e+02
   1.98786560463115e+02
   1.98587674476249e+02
   1.98388987474846e+02
   1.98190499259821e+02
   1.97992209632288e+02
   1.97794118393560e+02
   1.97596225345150e+02
   1.97398530288768e+02
   1.97201033026322e+02
   1.97003733359921e+02
   1.96806631091869e+02
   1.96609726024668e+02
   1.96413017961021e+02
   1.96216506703823e+02
   1.96020192056172e+02
   1.95824073821358e+02
   1.95628151802870e+02
   1.95432425804395e+02
   1.95236895629814e+02
   1.95041561083205e+02
   1.94846421968842e+02
   1.94651478091196e+02
   1.94456729254932e+02
   1.94262175264911e+02
   1.94067815926190e+02
   1.93873651044019e+02
   1.93679680423845e+02
   1.93485903871310e+02
   1.93292321192247e+02
   1.93098932192687e+02
   1.92905736678853e+02
   1.92712734457163e+02
   1.92519925334228e+02
   1.92327309116852e+02
   1.92134885612034e+02
   1.91942654626965e+02
   1.91750615969028e+02
   1.91558769445801e+02
   1.91367114865052e+02
   1.91175652034743e+02
   1.90984380763027e+02
   1.90793300858251e+02
   1.90602412128952e+02
   1.90411714383858e+02
   1.90221207431889e+02
   1.90030891082158e+02
   1.89840765143966e+02
   1.89650829426808e+02
   1.89461083740366e+02
   1.89271527894514e+02
   1.89082161699319e+02
   1.88892984965033e+02
   1.88703997502101e+02
   1.88515199121157e+02
   1.88326589633025e+02
   1.88138168848718e+02
   1.87949936579436e+02
   1.87761892636571e+02
   1.87574036831702e+02
   1.87386368976598e+02
   1.87198888883213e+02
   1.87011596363694e+02
   1.86824491230371e+02
   1.86637573295766e+02
   1.86450842372585e+02
   1.86264298273724e+02
   1.86077940812264e+02
   1.85891769801477e+02
   1.85705785054816e+02
   1.85519986385925e+02
   1.85334373608634e+02
   1.85148946536957e+02
   1.84963704985097e+02
   1.84778648767440e+02
   1.84593777698559e+02
   1.84409091593214e+02
   1.84224590266348e+02
   1.84040273533090e+02
   1.83856141208754e+02
   1.83672193108840e+02
   1.83488429049030e+02
   1.83304848845193e+02
   1.83121452313380e+02
   1.82938239269828e+02
   1.82755209530956e+02
   1.82572362913369e+02
   1.82389699233853e+02
   1.82207218309379e+02
   1.82024919957100e+02
   1.81842803994353e+02
   1.81660870238657e+02
   1.81479118507714e+02
   1.81297548619409e+02
   1.81116160391806e+02
   1.80934953643156e+02
   1.80753928191887e+02
   1.80573083856613e+02
   1.80392420456127e+02
   1.80211937809403e+02
   1.80031635735597e+02
   1.79851514054045e+02
   1.79671572584267e+02
   1.79491811145958e+02
   1.79312229558999e+02
   1.79132827643447e+02
   1.78953605219542e+02
   1.78774562107702e+02
   1.78595698128525e+02
   1.78417013102789e+02
   1.78238506851451e+02
   1.78060179195647e+02
   1.77882029956692e+02
   1.77704058956081e+02
   1.77526266015486e+02
   1.77348650956757e+02
   1.77171213601924e+02
   1.76993953773194e+02
   1.76816871292952e+02
   1.76639965983762e+02
   1.76463237668362e+02
   1.76286686169672e+02
   1.76110311310785e+02
   1.75934112914975e+02
   1.75758090805688e+02
   1.75582244806552e+02
   1.75406574741366e+02
   1.75231080434110e+02
   1.75055761708938e+02
   1.74880618390180e+02
   1.74705650302341e+02
   1.74530857270103e+02
   1.74356239118323e+02
   1.74181795672033e+02
   1.74007526756440e+02
   1.73833432196927e+02
   1.73659511819049e+02
   1.73485765448538e+02
   1.73312192911299e+02
   1.73138794033413e+02
   1.72965568641134e+02
   1.72792516560888e+02
   1.72619637619277e+02
   1.72446931643076e+02
   1.72274398459234e+02
   1.72102037894870e+02
   1.71929849777280e+02
   1.71757833933930e+02
   1.71585990192460e+02
   1.71414318380682e+02
   1.71242818326580e+02
   1.71071489858311e+02
   1.70900332804203e+02
   1.70729346992756e+02
   1.70558532252642e+02
   1.70387888412704e+02
   1.70217415301956e+02
   1.70047112749584e+02
   1.69876980584944e+02
   1.69707018637563e+02
   1.69537226737139e+02
   1.69367604713539e+02
   1.69198152396802e+02
   1.69028869617137e+02
   1.68859756204921e+02
   1.68690811990701e+02
   1.68522036805197e+02
   1.68353430479293e+02
   1.68184992844047e+02
   1.68016723730682e+02
   1.67848622970594e+02
   1.67680690395344e+02
   1.67512925836664e+02
   1.67345329126452e+02
   1.67177900096778e+02
   1.67010638579875e+02
   1.66843544408147e+02
   1.66676617414167e+02
   1.66509857430671e+02
   1.66343264290567e+02
   1.66176837826928e+02
   1.66010577872993e+02
   1.65844484262169e+02
   1.65678556828031e+02
   1.65512795404319e+02
   1.65347199824938e+02
   1.65181769923962e+02
   1.65016505535630e+02
   1.64851406494346e+02
   1.64686472634680e+02
   1.64521703791368e+02
   1.64357099799311e+02
   1.64192660493576e+02
   1.64028385709394e+02
   1.63864275282160e+02
   1.63700329047436e+02
   1.63536546840948e+02
   1.63372928498584e+02
   1.63209473856400e+02
   1.63046182750612e+02
   1.62883055017602e+02
   1.62720090493917e+02
   1.62557289016264e+02
   1.62394650421517e+02
   1.62232174546712e+02
   1.62069861229046e+02
   1.61907710305881e+02
   1.61745721614742e+02
   1.61583894993316e+02
   1.61422230279451e+02
   1.61260727311160e+02
   1.61099385926615e+02
   1.60938205964152e+02
   1.60777187262269e+02
   1.60616329659623e+02
   1.60455632995036e+02
   1.60295097107489e+02
   1.60134721836123e+02
   1.59974507020244e+02
   1.59814452499314e+02
   1.59654558112960e+02
   1.59494823700965e+02
   1.59335249103277e+02
   1.59175834160000e+02
   1.59016578711400e+02
   1.58857482597903e+02
   1.58698545660094e+02
   1.58539767738718e+02
   1.58381148674679e+02
   1.58222688309040e+02
   1.58064386483023e+02
   1.57906243038009e+02
   1.57748257815538e+02
   1.57590430657309e+02
   1.57432761405178e+02
   1.57275249901160e+02
   1.57117895987428e+02
   1.56960699506313e+02
   1.56803660300303e+02
   1.56646778212045e+02
   1.56490053084343e+02
   1.56333484760157e+02
   1.56177073082605e+02
   1.56020817894963e+02
   1.55864719040662e+02
   1.55708776363291e+02
   1.55552989706595e+02
   1.55397358914474e+02
   1.55241883830987e+02
   1.55086564300347e+02
   1.54931400166924e+02
   1.54776391275241e+02
   1.54621537469981e+02
   1.54466838595978e+02
   1.54312294498225e+02
   1.54157905021867e+02
   1.54003670012206e+02
   1.53849589314698e+02
   1.53695662774954e+02
   1.53541890238738e+02
   1.53388271551970e+02
   1.53234806560724e+02
   1.53081495111227e+02
   1.52928337049861e+02
   1.52775332223161e+02
   1.52622480477816e+02
   1.52469781660667e+02
   1.52317235618710e+02
   1.52164842199094e+02
   1.52012601249119e+02
   1.51860512616241e+02
   1.51708576148064e+02
   1.51556791692350e+02
   1.51405159097008e+02
   1.51253678210104e+02
   1.51102348879852e+02
   1.50951170954620e+02
   1.50800144282928e+02
   1.50649268713446e+02
   1.50498544094996e+02
   1.50347970276552e+02
   1.50197547107239e+02
   1.50047274436332e+02
   1.49897152113256e+02
   1.49747179987591e+02
   1.49597357909061e+02
   1.49447685727547e+02
   1.49298163293075e+02
   1.49148790455823e+02
   1.48999567066120e+02
   1.48850492974443e+02
   1.48701568031420e+02
   1.48552792087828e+02
   1.48404164994591e+02
   1.48255686602786e+02
   1.48107356763637e+02
   1.47959175328517e+02
   1.47811142148947e+02
   1.47663257076598e+02
   1.47515519963288e+02
   1.47367930660985e+02
   1.47220489021804e+02
   1.47073194898007e+02
   1.46926048142005e+02
   1.46779048606358e+02
   1.46632196143770e+02
   1.46485490607096e+02
   1.46338931849335e+02
   1.46192519723636e+02
   1.46046254083293e+02
   1.45900134781748e+02
   1.45754161672588e+02
   1.45608334609549e+02
   1.45462653446510e+02
   1.45317118037499e+02
   1.45171728236689e+02
   1.45026483898399e+02
   1.44881384877094e+02
   1.44736431027383e+02
   1.44591622204024e+02
   1.44446958261916e+02
   1.44302439056106e+02
   1.44158064441786e+02
   1.44013834274292e+02
   1.43869748409104e+02
   1.43725806701849e+02
   1.43582009008295e+02
   1.43438355184358e+02
   1.43294845086096e+02
   1.43151478569711e+02
   1.43008255491549e+02
   1.42865175708101e+02
   1.42722239076000e+02
   1.42579445452024e+02
   1.42436794693092e+02
   1.42294286656268e+02
   1.42151921198758e+02
   1.42009698177913e+02
   1.41867617451224e+02
   1.41725678876325e+02
   1.41583882310994e+02
   1.41442227613151e+02
   1.41300714640856e+02
   1.41159343252314e+02
   1.41018113305869e+02
   1.40877024660009e+02
   1.40736077173363e+02
   1.40595270704701e+02
   1.40454605112935e+02
   1.40314080257116e+02
   1.40173695996439e+02
   1.40033452190238e+02
   1.39893348697989e+02
   1.39753385379306e+02
   1.39613562093948e+02
   1.39473878701810e+02
   1.39334335062929e+02
   1.39194931037482e+02
   1.39055666485786e+02
   1.38916541268297e+02
   1.38777555245611e+02
   1.38638708278464e+02
   1.38500000227730e+02
   1.38361430954425e+02
   1.38223000319701e+02
   1.38084708184849e+02
   1.37946554411302e+02
   1.37808538860628e+02
   1.37670661394536e+02
   1.37532921874871e+02
   1.37395320163619e+02
   1.37257856122902e+02
   1.37120529614980e+02
   1.36983340502253e+02
   1.36846288647256e+02
   1.36709373912662e+02
   1.36572596161283e+02
   1.36435955256067e+02
   1.36299451060100e+02
   1.36163083436604e+02
   1.36026852248937e+02
   1.35890757360597e+02
   1.35754798635215e+02
   1.35618975936560e+02
   1.35483289128538e+02
   1.35347738075190e+02
   1.35212322640693e+02
   1.35077042689362e+02
   1.34941898085644e+02
   1.34806888694124e+02
   1.34672014379524e+02
   1.34537275006697e+02
   1.34402670440636e+02
   1.34268200546465e+02
   1.34133865189446e+02
   1.33999664234974e+02
   1.33865597548579e+02
   1.33731664995927e+02
   1.33597866442815e+02
   1.33464201755178e+02
   1.33330670799084e+02
   1.33197273440733e+02
   1.33064009546462e+02
   1.32930878982739e+02
   1.32797881616167e+02
   1.32665017313482e+02
   1.32532285941555e+02
   1.32399687367387e+02
   1.32267221458115e+02
   1.32134888081007e+02
   1.32002687103465e+02
   1.31870618393023e+02
   1.31738681817348e+02
   1.31606877244239e+02
   1.31475204541627e+02
   1.31343663577576e+02
   1.31212254220282e+02
   1.31080976338071e+02
   1.30949829799404e+02
   1.30818814472870e+02
   1.30687930227192e+02
   1.30557176931224e+02
   1.30426554453950e+02
   1.30296062664487e+02
   1.30165701432080e+02
   1.30035470626109e+02
   1.29905370116080e+02
   1.29775399771634e+02
   1.29645559462538e+02
   1.29515849058694e+02
   1.29386268430130e+02
   1.29256817447007e+02
   1.29127495979614e+02
   1.28998303898370e+02
   1.28869241073825e+02
   1.28740307376658e+02
   1.28611502677677e+02
   1.28482826847818e+02
   1.28354279758148e+02
   1.28225861279863e+02
   1.28097571284287e+02
   1.27969409642873e+02
   1.27841376227202e+02
   1.27713470908985e+02
   1.27585693560061e+02
   1.27458044052395e+02
   1.27330522258083e+02
   1.27203128049347e+02
   1.27075861298538e+02
   1.26948721878135e+02
   1.26821709660743e+02
   1.26694824519096e+02
   1.26568066326054e+02
   1.26441434954606e+02
   1.26314930277865e+02
   1.26188552169075e+02
   1.26062300501604e+02
   1.25936175148947e+02
   1.25810175984726e+02
   1.25684302882690e+02
   1.25558555716714e+02
   1.25432934360798e+02
   1.25307438689070e+02
   1.25182068575782e+02
   1.25056823895314e+02
   1.24931704522169e+02
   1.24806710330978e+02
   1.24681841196496e+02
   1.24557096993604e+02
   1.24432477597307e+02
   1.24307982882738e+02
   1.24183612725151e+02
   1.24059366999927e+02
   1.23935245582572e+02
   1.23811248348716e+02
   1.23687375174113e+02
   1.23563625934642e+02
   1.23440000506306e+02
   1.23316498765231e+02
   1.23193120587669e+02
   1.23069865849994e+02
   1.22946734428705e+02
   1.22823726200423e+02
   1.22700841041894e+02
   1.22578078829986e+02
   1.22455439441692e+02
   1.22332922754127e+02
   1.22210528644527e+02
   1.22088256990255e+02
   1.21966107668794e+02
   1.21844080557748e+02
   1.21722175534848e+02
   1.21600392477944e+02
   1.21478731265008e+02
   1.21357191774136e+02
   1.21235773883545e+02
   1.21114477471573e+02
   1.20993302416682e+02
   1.20872248597454e+02
   1.20751315892592e+02
   1.20630504180921e+02
   1.20509813341388e+02
   1.20389243253060e+02
   1.20268793795126e+02
   1.20148464846894e+02
   1.20028256287795e+02
   1.19908167997379e+02
   1.19788199855318e+02
   1.19668351741403e+02
   1.19548623535546e+02
   1.19429015117779e+02
   1.19309526368254e+02
   1.19190157167242e+02
   1.19070907395137e+02
   1.18951776932448e+02
   1.18832765659806e+02
   1.18713873457963e+02
   1.18595100207788e+02
   1.18476445790269e+02
   1.18357910086515e+02
   1.18239492977752e+02
   1.18121194345326e+02
   1.18003014070702e+02
   1.17884952035462e+02
   1.17767008121308e+02
   1.17649182210059e+02
   1.17531474183655e+02
   1.17413883924150e+02
   1.17296411313720e+02
   1.17179056234656e+02
   1.17061818569369e+02
   1.16944698200385e+02
   1.16827695010349e+02
   1.16710808882025e+02
   1.16594039698292e+02
   1.16477387342146e+02
   1.16360851696702e+02
   1.16244432645191e+02
   1.16128130070960e+02
   1.16011943857474e+02
   1.15895873888315e+02
   1.15779920047178e+02
   1.15664082217879e+02
   1.15548360284348e+02
   1.15432754130630e+02
   1.15317263640888e+02
   1.15201888699401e+02
   1.15086629190562e+02
   1.14971484998880e+02
   1.14856456008982e+02
   1.14741542105607e+02
   1.14626743173611e+02
   1.14512059097966e+02
   1.14397489763758e+02
   1.14283035056188e+02
   1.14168694860572e+02
   1.14054469062341e+02
   1.13940357547040e+02
   1.13826360200329e+02
   1.13712476907982e+02
   1.13598707555888e+02
   1.13485052030050e+02
   1.13371510216584e+02
   1.13258082001722e+02
   1.13144767271808e+02
   1.13031565913300e+02
   1.12918477812770e+02
   1.12805502856903e+02
   1.12692640932498e+02
   1.12579891926468e+02
   1.12467255725837e+02
   1.12354732217743e+02
   1.12242321289439e+02
   1.12130022828286e+02
   1.12017836721763e+02
   1.11905762857458e+02
   1.11793801123073e+02
   1.11681951406421e+02
   1.11570213595430e+02
   1.11458587578138e+02
   1.11347073242694e+02
   1.11235670477361e+02
   1.11124379170514e+02
   1.11013199210638e+02
   1.10902130486330e+02
   1.10791172886300e+02
   1.10680326299366e+02
   1.10569590614462e+02
   1.10458965720628e+02
   1.10348451507019e+02
   1.10238047862900e+02
   1.10127754677645e+02
   1.10017571840740e+02
   1.09907499241781e+02
   1.09797536770477e+02
   1.09687684316643e+02
   1.09577941770207e+02
   1.09468309021208e+02
   1.09358785959792e+02
   1.09249372476217e+02
   1.09140068460851e+02
   1.09030873804171e+02
   1.08921788396762e+02
   1.08812812129322e+02
   1.08703944892656e+02
   1.08595186577678e+02
   1.08486537075412e+02
   1.08377996276992e+02
   1.08269564073658e+02
   1.08161240356762e+02
   1.08053025017763e+02
   1.07944917948228e+02
   1.07836919039835e+02
   1.07729028184367e+02
   1.07621245273718e+02
   1.07513570199890e+02
   1.07406002854990e+02
   1.07298543131237e+02
   1.07191190920956e+02
   1.07083946116579e+02
   1.06976808610646e+02
   1.06869778295806e+02
   1.06762855064814e+02
   1.06656038810533e+02
   1.06549329425931e+02
   1.06442726804087e+02
   1.06336230838183e+02
   1.06229841421511e+02
   1.06123558447469e+02
   1.06017381809559e+02
   1.05911311401393e+02
   1.05805347116689e+02
   1.05699488849269e+02
   1.05593736493063e+02
   1.05488089942107e+02
   1.05382549090543e+02
   1.05277113832619e+02
   1.05171784062687e+02
   1.05066559675208e+02
   1.04961440564747e+02
   1.04856426625973e+02
   1.04751517753662e+02
   1.04646713842695e+02
   1.04542014788058e+02
   1.04437420484844e+02
   1.04332930828247e+02
   1.04228545713569e+02
   1.04124265036215e+02
   1.04020088691697e+02
   1.03916016575628e+02
   1.03812048583729e+02
   1.03708184611824e+02
   1.03604424555839e+02
   1.03500768311808e+02
   1.03397215775866e+02
   1.03293766844254e+02
   1.03190421413315e+02
   1.03087179379497e+02
   1.02984040639351e+02
   1.02881005089531e+02
   1.02778072626797e+02
   1.02675243148008e+02
   1.02572516550131e+02
   1.02469892730231e+02
   1.02367371585480e+02
   1.02264953013152e+02
   1.02162636910623e+02
   1.02060423175371e+02
   1.01958311704978e+02
   1.01856302397128e+02
   1.01754395149608e+02
   1.01652589860306e+02
   1.01550886427213e+02
   1.01449284748422e+02
   1.01347784722127e+02
   1.01246386246625e+02
   1.01145089220316e+02
   1.01043893541697e+02
   1.00942799109372e+02
   1.00841805822044e+02
   1.00740913578516e+02
   1.00640122277695e+02
   1.00539431818587e+02
   1.00438842100300e+02
   1.00338353022043e+02
   1.00237964483126e+02
   1.00137676382958e+02
   1.00037488621052e+02
   9.99374010970176e+01
   9.98374137105680e+01
   9.97375263615152e+01
   9.96377389497718e+01
   9.95380513753504e+01
   9.94384635383638e+01
   9.93389753390248e+01
   9.92395866776457e+01
   9.91402974546390e+01
   9.90411075705164e+01
   9.89420169258894e+01
   9.88430254214688e+01
   9.87441329580649e+01
   9.86453394365872e+01
   9.85466447580441e+01
   9.84480488235434e+01
   9.83495515342915e+01
   9.82511527915940e+01
   9.81528524968549e+01
   9.80546505515771e+01
   9.79565468573619e+01
   9.78585413159091e+01
   9.77606338290169e+01
   9.76628242985816e+01
   9.75651126265978e+01
   9.74674987151581e+01
   9.73699824664531e+01
   9.72725637827712e+01
   9.71752425664985e+01
   9.70780187201189e+01
   9.69808921462138e+01
   9.68838627474621e+01
   9.67869304266400e+01
   9.66900950866211e+01
   9.65933566303759e+01
   9.64967149609724e+01
   9.64001699815752e+01
   9.63037215954459e+01
   9.62073697059431e+01
   9.61111142165218e+01
   9.60149550307336e+01
   9.59188920522269e+01
   9.58229251847462e+01
   9.57270543321324e+01
   9.56312793983226e+01
   9.55356002873500e+01
   9.54400169033439e+01
   9.53445291505294e+01
   9.52491369332275e+01
   9.51538401558550e+01
   9.50586387229241e+01
   9.49635325390426e+01
   9.48685215089141e+01
   9.47736055373369e+01
   9.46787845292052e+01
   9.45840583895079e+01
   9.44894270233291e+01
   9.43948903358480e+01
   9.43004482323385e+01
   9.42061006181692e+01
   9.41118473988036e+01
   9.40176884797998e+01
   9.39236237668101e+01
   9.38296531655813e+01
   9.37357765819548e+01
   9.36419939218658e+01
   9.35483050913439e+01
   9.34547099965126e+01
   9.33612085435892e+01
   9.32678006388850e+01
   9.31744861888051e+01
   9.30812650998480e+01
   9.29881372786060e+01
   9.28951026317646e+01
   9.28021610661029e+01
   9.27093124884931e+01
   9.26165568059007e+01
   9.25238939253842e+01
   9.24313237540950e+01
   9.23388461992777e+01
   9.22464611682694e+01
   9.21541685685000e+01
   9.20619683074920e+01
   9.19698602928606e+01
