
1916.958 53
1917.043 74.7
1917.123 71.9
1917.205 94.8
1917.287 74.7
1917.372 114.1
1917.454 114.9
1917.539 119.8
1917.624 154.5
1917.706 129.4
1917.791 72.2
1917.873 96.4
1917.958 129.3
1918.042 96
1918.122 65.3
1918.204 72.2
1918.286 80.5
1918.371 76.7
1918.453 59.4
1918.538 107.6
1918.623 101.7
1918.705 79.9
1918.79 85
1918.872 83.4
1918.957 59.2
1919.042 48.1
1919.121 79.5
1919.203 66.5
1919.285 51.8
1919.37 88.1
1919.452 111.2
1919.537 64.7
1919.622 69
1919.704 54.7
1919.789 52.8
1919.871 42
1919.956 34.9
1920.041 51.1
1920.123 53.9
1920.205 70.2
1920.287 14.8
1920.372 33.3
1920.454 38.7
1920.539 27.5
1920.624 19.2
1920.706 36.3
1920.791 49.6
1920.873 27.2
1920.958 29.9
1921.043 31.5
1921.123 28.3
1921.205 26.7
1921.287 32.4
1921.372 22.2
1921.454 33.7
1921.539 41.9
1921.624 22.8
1921.706 17.8
1921.791 18.2
1921.873 17.8
1921.958 20.3
1922.042 11.8
1922.122 26.4
1922.204 54.7
1922.286 11
