
1922.371 8
1922.453 5.8
1922.538 10.9
1922.623 6.5
1922.705 4.7
1922.79 6.2
1922.872 7.4
1922.957 17.5
1923.042 4.5
1923.121 1.5
1923.203 3.3
1923.285 6.1
1923.37 3.2
1923.452 9.1
1923.537 3.5
1923.622 0.5
1923.704 13.2
1923.789 11.6
1923.871 10
1923.956 2.8
1924.041 0.5
1924.123 5.1
1924.205 1.8
1924.287 11.3
1924.372 20.8
1924.454 24
1924.539 28.1
1924.624 19.3
1924.706 25.1
1924.791 25.6
1924.873 22.5
1924.958 16.5
1925.043 5.5
1925.123 23.2
1925.205 18
1925.287 31.7
1925.372 42.8
1925.454 47.5
1925.539 38.5
1925.624 37.9
1925.706 60.2
1925.791 69.2
1925.873 58.6
1925.958 98.6
1926.042 71.8
1926.122 69.9
1926.204 62.5
1926.286 38.5
1926.371 64.3
1926.453 73.5
1926.538 52.3
1926.623 61.6
1926.705 60.8
1926.79 71.5
1926.872 60.5
1926.957 79.4
1927.042 81.6
1927.121 93
1927.203 69.6
1927.285 93.5
1927.37 79.1
1927.452 59.1
1927.537 54.9
1927.622 53.8
1927.704 68.4
