
1933.205 10.1
1933.287 2.9
1933.372 3.2
1933.454 5.2
1933.539 2.8
1933.624 0.2
1933.706 5.1
1933.791 3
1933.873 0.6
1933.958 0.3
1934.042 3.4
1934.122 7.8
1934.204 4.3
1934.286 11.3
1934.371 19.7
1934.453 6.7
1934.538 9.3
1934.623 8.3
1934.705 4
1934.79 5.7
1934.872 8.7
1934.957 15.4
1935.042 18.6
1935.121 20.5
1935.203 23.1
1935.285 12.2
1935.37 27.3
1935.452 45.7
1935.537 33.9
1935.622 30.1
1935.704 42.1
1935.789 53.2
1935.871 64.2
1935.956 61.5
1936.041 62.8
1936.123 74.3
1936.205 77.1
1936.287 74.9
1936.372 54.6
1936.454 70
1936.539 52.3
1936.624 87
1936.706 76
1936.791 89
1936.873 115.4
1936.958 123.4
1937.043 132.5
1937.123 128.5
1937.205 83.9
1937.287 109.3
1937.372 116.7
1937.454 130.3
1937.539 145.1
1937.624 137.7
1937.706 100.7
1937.791 124.9
1937.873 74.4
1937.958 88.8
1938.042 98.4
1938.122 119.2
1938.204 86.5
1938.286 101
1938.371 127.4
1938.453 97.5
1938.538 165.3
