
1954.872 9.2
1954.957 7.6
1955.042 23.1
1955.121 20.8
1955.203 4.9
1955.285 11.3
1955.37 28.9
1955.452 31.7
1955.537 26.7
1955.622 40.7
1955.704 42.7
1955.789 58.5
1955.871 89.2
1955.956 76.9
1956.041 73.6
1956.123 124
1956.205 118.4
1956.287 110.7
1956.372 136.6
1956.454 116.6
1956.539 129.1
1956.624 169.6
1956.706 173.2
1956.791 155.3
1956.873 201.3
1956.958 192.1
1957.043 165
1957.123 130.2
1957.205 157.4
1957.287 175.2
1957.372 164.6
1957.454 200.7
1957.539 187.2
1957.624 158
1957.706 235.8
1957.791 253.8
1957.873 210.9
1957.958 239.4
1958.042 202.5
1958.122 164.9
1958.204 190.7
1958.286 196
1958.371 175.3
1958.453 171.5
1958.538 191.4
1958.623 200.2
1958.705 201.2
1958.79 181.5
1958.872 152.3
1958.957 187.6
1959.042 217.4
1959.121 143.1
1959.203 185.7
1959.285 163.3
1959.37 172
1959.452 168.7
1959.537 149.6
1959.622 199.6
1959.704 145.2
1959.789 111.4
1959.871 124
1959.956 125
1960.041 146.3
1960.123 106
1960.205 102.2
