
1792.378 62
1792.46 61
1792.545 45.8
1792.63 60
1792.712 59
1792.797 59
1792.879 57
1792.964 56
1793.049 56
1793.128 55
1793.21 55.5
1793.292 53
1793.377 52.3
1793.459 51
1793.544 50
1793.629 29.3
1793.711 24
1793.796 47
1793.878 44
1793.963 45.7
1794.048 45
1794.127 44
1794.209 38
1794.292 28.4
1794.376 55.7
1794.459 41.5
1794.543 41
1794.628 40
1794.71 11.1
1794.795 28.5
1794.877 67.4
1794.962 51.4
1795.047 21.4
1795.127 39.9
1795.209 12.6
1795.291 18.6
1795.376 31
1795.458 17.1
1795.543 12.9
1795.628 25.7
1795.71 13.5
1795.795 19.5
1795.877 25
1795.962 18
1796.047 22
1796.129 23.8
1796.211 15.7
1796.293 31.7
1796.378 21
1796.46 6.7
1796.545 26.9
1796.63 1.5
1796.712 18.4
1796.797 11
1796.879 8.4
1796.964 5.1
1797.049 14.4
1797.128 4.2
1797.21 4
1797.292 4
1797.377 7.3
1797.459 11.1
1797.544 4.3
1797.629 6
1797.711 5.7
