
1841.125 29.9
1841.207 29.7
1841.29 40.2
1841.374 67.5
1841.457 55.7
1841.541 30.8
1841.626 39.3
1841.708 36.5
1841.793 28.5
1841.875 19.8
1841.96 38.8
1842.045 20.4
1842.125 22.1
1842.207 21.7
1842.289 26.9
1842.374 24.9
1842.456 20.5
1842.541 12.6
1842.626 26.6
1842.708 18.4
1842.793 38.1
1842.875 40.5
1842.96 17.6
1843.044 13.3
1843.124 3.5
1843.206 8.3
1843.288 9.5
1843.373 21.1
1843.455 10.5
1843.54 9.5
1843.625 11.8
1843.707 4.2
1843.792 5.3
1843.874 19.1
1843.959 12.7
1844.044 9.4
1844.126 14.7
1844.208 13.6
1844.29 20.8
1844.375 11.6
1844.457 3.7
1844.542 21.2
1844.627 23.9
1844.709 7
1844.794 21.5
1844.876 10.7
1844.961 21.6
1845.046 25.7
1845.125 43.6
1845.207 43.3
1845.29 57
1845.374 47.8
1845.457 31.1
1845.541 30.6
1845.626 32.3
1845.708 29.6
1845.793 40.7
1845.875 39.4
1845.96 59.7
1846.045 38.7
1846.125 51
1846.207 63.9
1846.289 69.3
1846.374 59.9
1846.456 65.1
